first	second	opt	dist	central	visited
11001110101100001010111010000	11010011001101110001010011000	16	16	20	20265312
11110100100110001110001110000	10111010011010101000110011000	16	16	21	21223624
10101010110011100110010010100	11101100001101011100100110000	16	16	21	21912544
11111010010100100110001110000	11100110001111001001100011000	16	16	20	21778136
11011100100101100011011000100	11010111110001000100110110000	15	15	18	20802760
11010011110001110001100100100	11001110010110001111000011000	15	15	18	21282440
11111000010110010011110000100	10111001011100001100101110000	14	14	18	20749304
11111010010001110001010010100	10111111101001011000010001000	15	15	18	20756344
11110100100101101001011000100	11100100111001010100110101000	14	14	18	18903144
10111100011101001001010011000	11001110100011110011000100100	19	19	20	21921048
11111000100110010100110101000	11010100111001001110100100100	16	16	20	21550608
11110010010011101000111000100	11011010100100101110100110000	16	18	21	21648024
10110011010100111101011000000	11100101001011101000101010100	15	15	18	19863960
11011110011000101000101100100	11100111001010001101011001000	18	19	21	21732064
11101010011001001100111001000	11101100100100111100100100100	16	16	20	21654552
11011001001110011010001100100	11110010101100001101101001000	18	18	19	21844040
11111001001010011110000100100	11110100100110100100111001000	14	14	19	21028296
11011110011010010010010101000	11100110011010101000101010100	15	16	19	20278808
11111001001001100010111001000	10110011110011001001001110000	15	15	19	19193480
11110001001110100011010011000	11011010010011101010010100100	16	16	19	21543208
11100110010110010011001110000	11101010100110100100110011000	13	13	18	17362136
10111011001100011010010010100	11101001100011110100001101000	16	16	19	21637352
11110010110010010011101001000	11101100010011001110001100100	18	18	21	21818904
11100111100001100100110101000	11111010001100110110010010000	16	16	20	21911368
11101001100111001001001101000	11011101000011001111001000100	18	18	20	21960128
11110011100101001010001010100	11011111001000110100110001000	19	20	21	21809832
11101001010110001110010011000	11010100110011010010101110000	14	14	19	20069520
11101001010011111000111000000	11110101010011000110011010000	14	14	18	20623168
11011001001110110100010011000	11100110110100001101110000100	18	18	20	21890816
11100011001111100100100110000	11010100111100011010011000100	15	15	19	21122280
11101001101001100101100100100	11101011000101110100001011000	15	15	19	21897504
11101010100110010010111010000	10111000111110010011001001000	17	18	20	21769272
11101010011011000011100011000	11110100101001100100111010000	15	15	20	20604320
11010100111101001001001110000	11100011111000111100000010100	14	14	19	19883352
11100111000010110111000011000	11101100100101010010111100000	14	15	21	16472720
11110010011001111000001101000	11010011001100110101010100100	16	17	20	21558928
11011000111011000100101100100	11110011100100011001010101000	16	16	19	21405536
11110101101000111000101010000	10110101110100011011100000100	14	15	16	17798368
11101001001111100001001011000	11110011100100110001010110000	15	15	19	21298944
11101001111000010010111000100	11011011000011100111000101000	16	16	20	21732776
10111111001000101101000010100	11111000001101010011110010000	15	15	19	19065336
10111001110000110111000100100	11110011100010010011100011000	14	14	18	16954296
11101000110011110100001101000	11100110001101001101010010100	14	14	20	17239576
11101010011100001110011010000	11100110100011010011001010100	15	15	20	20544848
11101110010100100110010011000	11011101000110011001100100100	16	16	19	21807584
11111010010010101001110000100	11100111100001011010010011000	14	14	18	20425008
11011001010100110010110010100	11110101000011111000110001000	13	13	19	17298232
11110100010011010011011010000	11110110100101001101001001000	15	15	19	18742760
11101001010110100101100100100	11100101101100001011101001000	14	14	18	20505936
11011000111111000010010011000	11110101010011001001010100100	15	15	18	22172408
10101100111001010100111000100	11100110111001100010100101000	17	17	19	22175336
11100101100011110001010010100	11011111100001000111000101000	16	16	19	21976672
11111100010110010000111001000	11011111001001001100100100100	18	19	21	21782408
10111010100111100001001110000	11100011011100111001001000100	18	18	19	22346296
11001111011010010100001011000	11101100010101001111010010000	17	17	18	21684336
11110000101110100011110001000	11110110100001101011000010100	15	15	21	19293144
11101011001010010111101000000	11101001110100110000111000100	18	19	20	22106832
11100111100101000010110100100	11111011001000110010001101000	16	16	21	20950912
11111001100011100010011000100	10111001100101010010110110000	15	15	19	20698136
10110100111010001010101101000	11010011101001110001011010000	14	14	20	18437800
11110001011001001111001001000	11101100110001011001001010100	14	14	18	20578208
11110010011010100100110011000	11101001100101101001001110000	15	15	18	20952864
11110100110001001100110101000	10110110001100111001001100100	16	17	21	20194888
11111010001110001001001100100	11100110001011111000010011000	15	15	20	20755120
11100011101001010011100101000	11101100100110011010001010100	15	15	20	20662456
11101011110100010000111001000	11100110011011001110101000000	18	19	19	21791656
11100011110011010100010100100	11110110001011100011001001000	15	15	20	20009936
10110110110000111000101010100	11111100000011111100010010000	15	15	17	19213984
11110000111110000110101001000	11111010110001001001100110000	14	15	19	17895832
11101001010011110011001000100	11110011001010011001001101000	17	17	19	21956208
11111100100011100000101110000	11101100110001001011101100000	15	15	21	18561472
11101001100110001110101001000	11110010011001101101010000100	16	16	19	21922480
11100110010011111100001001000	11111101001001100010010100100	15	15	17	22390896
11110100110110010010001110000	11011011000101010011101001000	17	17	18	21812496
11001100111010010011100010100	11101001110001001111100100000	16	16	18	21950320
11001111110010000111100100000	11110100111001001001100010100	17	17	19	21978000
11111011000100100111000100100	11110001111000010011101100000	14	14	20	19209288
11110101000101101100001101000	11001101011100001100111010000	16	16	20	20085792
11001110010111000100110100100	11101001111000110001010101000	16	16	19	21809800
11101110011010000101010011000	11110011000101111001100000100	16	16	19	21432752
11101001001111000110110001000	11110010011000101100110010100	13	13	20	15035160
11011101001001001110010011000	11001110100110010011110000100	16	16	19	21600840
11010100110011110110011000000	11101001110001001101011000100	15	15	19	19818024
11010111110010001100110010000	11111000100101100111000010100	18	18	20	21802056
11010011101100001100111100000	11100101001101110001100011000	16	16	20	21346856
11101001011001010011010011000	11100111000011101010100100100	15	15	18	21483232
11110011000100111000110110000	11011100010011010101001011000	14	14	19	17044464
11110100100111000100101101000	11001110010011101001100100100	17	17	21	21728080
11110011001110000110101000100	11101000101110101010001101000	17	18	20	21848640
11011000110100110101010010100	11101101100010100111000110000	16	16	18	21777112
11001110110001010011101100000	11110101001001100100110101000	14	14	19	17802096
11100111101100100000110101000	11011011000011111000011000100	14	14	19	17622016
11110011100001100100110010100	10111100011100011001001101000	17	17	20	21831976
11010011110011000101110001000	11100110010011110010011100000	14	14	19	18527032
11110001110100100011100101000	11101100100101101000101100100	14	14	19	17966056
11111011000001111000001100100	11100111000100110110110001000	16	16	21	21684360
11011010010011100011010011000	11110001001110011001001100100	15	15	20	20320880
11110111000011110000010010100	11100111001001110001001110000	15	15	19	20871616
11111010100100011010011000100	11101010110101001001100101000	16	16	19	21408296
11101100100110100011001100100	11110011001001101000110011000	14	14	20	18404848
11101010011101000101001011000	11100101011001010010111000100	13	13	18	15893032
11001110011001001101110000100	10111111000011100010010101000	16	16	19	21270496
11100110111000101000101101000	11101100001111000111000010100	18	18	20	21816024
11111000011011001110001001000	11110111000010111000001100100	15	15	21	20385872
11101011011110000001010010100	11110000110011100011010110000	16	16	19	20153552
11100101001111001110001000100	11101100010011111000100110000	17	17	19	22040032
11110101001110001100001110000	11011001001111001011000011000	14	14	19	18587224
11011001010110001011100100100	11101010010011101100001011000	15	15	20	20764104
11101001100110010100111100000	10111011001100100110100010100	16	16	17	22617096
11010011111101000100100010100	11001100101111010010011001000	17	18	18	22013104
11011100100100110110100011000	11110010011110000100111000100	15	15	20	20320552
11110001011101001001101001000	10111010111010000010110100100	17	17	20	21694008
11110001001110010011001101000	11010100111001001101011000100	15	16	20	20681072
11010011101011001001011000100	11111010100100110010001101000	17	18	21	21882432
11011011000100101011011001000	11110100110001101001001010100	16	16	21	19972424
11110100111001001101000101000	11001110011000110011001100100	14	14	18	17653280
11011001100101001100110100100	11101010011110010100100011000	17	17	19	21890256
11001111010010110001011001000	11011000111000111000110100100	16	16	21	21632576
11010101100011111100001000100	11100100111000111010001101000	15	15	15	22442120
11001110001011100101101001000	11010010110100111000110100100	15	15	21	19104344
11011000111100101000110101000	11100111101001100011010000100	20	22	20	21867560
11011001001110101001100010100	11100110010110100100110110000	16	16	18	21850760
11010111000011110011001000100	11101000111001101000110110000	15	15	16	20721936
11110011001001011001101000100	11110100101010011010010110000	15	15	18	20594160
11110011100001100110010011000	11011111001001000010110100100	16	17	20	21942320
11101110001001001100101100100	11111100101001001110001001000	16	16	21	21376552
11110100100100111000110110000	11100100111100110001010011000	15	15	20	19783968
11101100101001101101001010000	11110011010010001101001011000	17	18	20	21947712
11101101010011000101101000100	11101000111001001110100101000	15	15	17	19086400
11111010100101100100100110000	11010011100110110010101000100	17	18	20	21881440
11110100100111100101001000100	11110011100001001101001110000	16	16	19	21717344
11100011011011000100111100000	11011001101001100011100011000	14	14	19	18235536
11110010010101001101001110000	11101111000101001100011000100	16	16	20	21890328
11111001010001001110100010100	11101010010101010011011001000	14	14	18	18521024
11011110001100100110110010000	11100110111000010100110101000	17	17	20	21806608
11011110001100100101100100100	11110010100011101101001001000	18	18	20	21896816
11100111100101001110000011000	11011001010011111000001100100	15	15	17	20863976
11100111100101001001011000100	11111011001000100011100011000	15	15	19	21008640
11101110100001110000111001000	11110001111000011001001110000	15	15	19	20543984
11111100100010100100111000100	10111111001010100001100011000	16	16	20	21674544
10110010110011110010001010100	11011010010100111100010110000	14	14	18	20084040
11001101011000110101001101000	11110110000110101100011010000	17	17	19	21876960
11101101000111000110011100000	11010011111000011001001110000	16	16	19	21216632
11110010011111000001010011000	11011110000111001100010100100	15	15	18	22273168
11101100010110100011001110000	11111100011001000111000010100	15	15	20	19832224
11100100111000111001101001000	11011110010001001110100100100	17	17	20	21704992
11011010100111000011100010100	11110101001001011110000110000	17	17	19	22022432
11110010110111000100101000100	11101011000111010101000110000	17	18	20	21776808
11001111100011001001010101000	11110111000001111000100010100	16	16	20	21942344
11011000111101001010010011000	11011101010001111100000100100	16	16	20	21969544
11111100011001001001101001000	10101111001100110000101100100	17	17	19	21781176
11101010011001011100010101000	10110101001111001011000100100	15	15	19	21066464
11110010100110001110100101000	11101100101001101100101000100	17	18	20	21824776
11111100001010010100110011000	11011001010011100011001100100	14	14	19	19590144
11110011001001101010010010100	11110100011011001000110110000	15	15	18	21023464
11101010010100110100111010000	11100011110001001011001011000	15	15	21	20526992
11100101001101101101000011000	11111101000100110100010100100	15	15	20	19344776
11100011011001100110001110000	11011010100110011100010010100	17	17	19	21988832
11010011011000111110000100100	11111100110000100100101101000	15	15	19	21516504
11110110001100011010011010000	11111000110010100011001011000	17	18	21	21700448
10111010001011110010010110000	11110010101001101001010010100	15	15	16	19459368
11001110100110010011110001000	11111101100000010100110100100	16	16	19	22043744
11011001010011101001010011000	11100110110010001101001100100	16	16	19	22029784
11011000111100101001110001000	11111001010001010110001100100	16	16	19	21914440
11101001010011110001101100000	11100111100010010011001011000	15	15	18	20515920
11111001001110001001001100100	11011111001110000010101001000	17	18	21	21827376
10111110010011000111000100100	11100100111100101000110101000	18	19	20	21931008
11011001010101001011100011000	11101010001011101100010100100	15	15	19	21352392
11110011110000101001001101000	11101001100011111001001000100	15	15	17	20915312
11010011111000111000010101000	11110011000110001101010100100	16	16	19	21946024
11101101100001001110001100100	11111000011010010011010101000	16	17	21	21072992
11101100011011100100110000100	11110001110100100110010011000	15	15	17	19620384
11111001001010110001101001000	10111111001100100010001110000	19	20	20	21894104
11110001011101000011001110000	11010100110011001100111000100	13	13	18	14353864
11111101000111000101000101000	11001110100101110000101100100	14	14	18	16841568
11011100110010011001010011000	11110010011001001100111010000	17	17	19	22029152
11111011110001000010011000100	11110011000110010011100011000	15	15	20	18803864
11100110001110100101011000100	11011110101101000010100011000	19	19	21	21829040
11101010011110110000100011000	11011001100011111010110000000	15	15	18	21415376
10111101000111100011010001000	11101001110100101010011010000	16	17	20	21165544
11100111001100001110010010100	11011000101111000011001101000	15	15	20	20436488
11010111000101010010101110000	11010011111100100010011001000	14	14	18	18822424
11100110010010110101010010100	11101100100111000011001101000	16	16	20	21597104
11100011010110010011010011000	11010110011100001101110010000	14	14	17	19533424
11110100101001011101000100100	11100101100100110011010011000	14	14	17	18558720
11100011001110101001001101000	10111111000001101010011000100	16	16	20	21177840
10111100101001011010001101000	11111100100011000011100010100	18	19	20	21889544
10110110010110100101001110000	11001111011001001010011001000	15	15	17	22432616
11101001111000001011010011000	11011010001111001001100100100	14	14	19	18329312
10111010011110010001101000100	11100111010011110000010110000	17	17	20	21906184
11010011100101001110001110000	11001111101010001001011000100	15	15	20	21326664
11011101000010111001001011000	11101001101100011010010100100	15	15	19	19032072
11101010010011111011000001000	11001110100101001110010100100	15	15	18	21099160
11011001101100111100011000000	11100011110000111001011001000	14	14	18	16157008
11010011110011101000111000000	11100110010010110010101100100	16	16	20	21524528
11100011011100101101000110000	11110110010010010101100010100	18	18	20	21779368
11110011100001111110001000000	11010010110110001101010010100	16	16	18	22236408
10111010100110001110110000100	11001110110110010110000011000	18	19	21	21925064
11011010111100000010111100000	11101101001001011010001010100	18	19	20	21957840
11101001001101010101001110000	10111011001001110101010100000	16	16	18	21958240
11001110011001100011001101000	11101001001110001101010100100	15	15	20	20918536
11111000110010110010011010000	11101010010010111110010000100	16	16	19	22008952
11100011011100001110001101000	10111100111000110001100010100	14	14	19	17053464
11101001110000111001010100100	11111001000101001111101000000	14	14	18	19251208
11011010001111000100110101000	11101010101001111000110010000	16	16	17	21711272
11010011101001100100111001000	11110010100100111001110010000	16	17	20	21916920
11110010001111000100110100100	11101110001100011001001101000	15	15	20	20607600
11001110110010010110010100100	11011010101001100011001011000	16	16	20	21915120
11110001110100111000101001000	10101111000111000110010100100	18	18	20	21899768
11101010100101100011101010000	11001110010011010101100011000	14	14	18	17469432
10110111100001010110100110000	11101001110011101000011001000	15	16	16	20487256
11011010010100111001010010100	11001111110110000101010010000	15	15	17	21309048
11111100100100001110010011000	10101101011010011100110010000	17	17	20	21626920
11100100101111001100011000100	11110111000100100110100011000	17	18	21	21688984
11001101001110011001100010100	11110100101100001110010110000	18	18	20	21852440
11111010011010010001110000100	11101010101010010110001110000	13	13	19	16286152
10111011110000100101001101000	11111000001111000011011000100	16	17	20	21349632
11110110100110000110100011000	11110001001101110000111000100	17	18	21	21693928
10111001010101100011100101000	11101110101001000110010010100	16	16	18	22265984
11001110100100101111000100100	11010011101001110110000011000	17	17	20	21762784
11011110011001000100101110000	11110010010011100110100011000	18	18	21	21722360
11111001100101100010011000100	11110110000111011000010110000	13	13	20	16476040
11010101100111000011001011000	10111110010110010011001000100	14	14	19	17452888
11100110011011001001010011000	11111110100100001110100010000	16	17	19	21992896
11100110110010101101010100000	11101001110100010010110100100	15	15	18	19729496
11011100101010001010111010000	11110010001101101001101000100	17	17	20	21319136
11001101011011001100011001000	11101111110001001000010100100	17	20	18	21713480
11011100110010010111000011000	11111001001100101110010010000	16	16	19	21734664
11001101110100111100000101000	10111000110110001110010010100	17	17	20	21824080
11011110010010100011001010100	11111001100100010101011001000	17	18	20	21793528
11011100110001001100111010000	11101010011110001110001001000	16	16	19	21317768
11110001011100001101100100100	11110111000001010100111001000	16	16	19	21481720
11011001010011001101010100100	11110011001010010101001011000	15	15	20	20869656
11110101000100111010001011000	11011101010001010010110100100	14	14	20	17058672
11110000110011001011011100000	11101111000010011010100110000	16	16	21	20894520
11011011000011011001001110000	11100011110001110010010010100	15	15	18	19511664
11001101100010101110100100100	11101010011010011010010011000	16	17	20	21334528
11101111001110000100101000100	10110111100011010001110010000	16	16	18	21114432
11011010100011110000111001000	11110101000110001111000100100	14	14	19	17597096
10111000111101000100101100100	11111110010010010100100011000	15	15	18	20024728
11011001110011110010001000100	11101010011000110101001110000	17	18	20	21807424
11100110100011111010001010000	11101010001101010101001010100	13	13	18	15495240
11100101001111010010001100100	10110011111010001001100011000	17	17	19	21991352
11011011010010100110010100100	11111010100000111001110001000	17	17	20	22005648
11011101000010111010011010000	11100011001110010011010011000	16	16	21	18912848
11110010010011010100101110000	11101001001111010001010011000	14	14	20	18074440
11001111100101001001001100100	11011010100111010001110100000	15	15	19	21251400
11101001101001001101100010100	11111100110100100110001001000	15	15	20	20626968
11110100001110001011010011000	11110011010110010001010100100	14	14	20	17779176
11010100111010010111000010100	11110001101000110011101001000	13	13	19	15266368
11010100111010100111000100100	11110001110000110110110001000	16	16	18	22154400
11110101001001101100001011000	11110001001111100010011000100	15	15	19	18452928
11001111010011000110100010100	11011000111001110101001100000	18	18	21	21793360
11010011001111000101001100100	11100110110111000100101100000	16	16	20	21968160
11110100101001100101011010000	11100110001101101011000010100	17	17	19	21817472
10111000111000101101100100100	11110001110001010011010011000	15	15	18	19118176
11001111101000001010101100100	11101010011110001010011100000	15	15	19	21155160
11101100011110001001001010100	11111000110011110000011010000	15	15	20	21002792
11111000110000111000111100000	11101111010001100010100101000	18	18	21	21809824
11011001001101001101100011000	11111001110001000100101100100	14	14	19	18397128
11110010100010111001011000100	11101000110101110001100011000	15	15	19	18057152
11110110010010011110100000100	10111101001100001110101001000	15	15	18	20008584
11010011111100000111000011000	11101101000110010011001100100	15	15	18	22147032
11101100110001010011100100100	11101011110010001101001001000	16	17	20	21701024
11110001100011101010100110000	11010100101110001110010011000	16	16	20	21388960
11001111100100011010011100000	11101000101010111001110000100	13	13	20	16226568
11100110100110111001100000100	11101100011111100000110001000	16	16	18	21188328
11111000110001110110000100100	10110011011010001110010011000	17	17	20	21811048
11011100010110001101101000100	11111100000011110100010110000	16	16	20	21153160
11111001100001110110001000100	11110100110101100010011010000	15	15	18	20156656
11101100011010100011100010100	11100111010000111010001110000	17	17	21	21853624
11110011100011000101010011000	11110100110100010011001110000	15	15	20	21294272
11001111010010010100101100100	11101110000110100011111000000	15	15	19	20504080
10111001110011000101001100100	11100100111100100111100100000	16	16	17	21773984
11010111100011001010011100000	11110100110100010101001100100	18	18	19	22082160
11110011110000101100010010100	11110100011110010010001101000	13	13	19	16175936
11010011110010011100011010000	11100100110011010110010010100	16	16	20	21708712
11111000101010011100010110000	11011010011001001110010011000	15	15	19	21790504
11110001100111000011001101000	10111000110011001100110010100	15	15	21	19140736
11111100101001010010100110000	11010010111100011101010100000	17	18	21	21938328
11010011101000111011100100000	11001111000111100110000011000	16	16	19	20572824
11110011001001101001001011000	11110100110101100001010100100	15	15	20	20770864
10110100101100111100011001000	11100011110100100101001010100	18	18	21	21818032
11100100110110100110001100100	11101001101100101001010011000	16	16	20	21633808
11011010111100000110011000100	11011010011110001100100011000	16	17	20	21821344
11011011010100100101001110000	11011001100100110010110010100	15	15	19	21442584
11101101000011100100110010100	11100110110001110100101010000	14	14	17	17787200
11110100111000010100110100100	11110011100001100011111000000	14	14	19	18851960
11010100110011110100100100100	11110010100111000110010011000	17	17	20	21836960
11110010010101011101000010100	11101100100110001011110001000	16	16	18	21492352
11111011000100100010110100100	11110001101011001010100011000	16	16	19	20939600
11010011101010011000101100100	11011011001001001111100001000	16	16	18	21823632
11100011011010010011101000100	11011100110000110100101011000	14	14	19	18229736
10110101010011011001010010100	11111010000111111000100001000	16	17	19	22072968
11011011001011010110001100000	11100111010101000110100011000	17	17	20	21816328
11100101101100100111000100100	11010101001101010101100011000	15	15	19	21752560
11111000101001111101000001000	11011001001111100001101000100	15	15	18	21834736
11110001110010010101010011000	11110110100010101001001110000	15	15	18	22134848
11011001100110010100110011000	11011010011100100011010100100	15	16	17	22006384
10110101010011110010110000100	11110011001010011000101110000	17	18	18	22224056
10110011100011100101001110000	11101010011111000010010010100	15	15	18	21560688
10111101001011010010010010100	11110100101000110011010101000	18	18	20	21774248
11101011000101001110011001000	11001101100110010011001100100	16	16	19	21167344
11001111011000011001100011000	11010011010100111010001100100	13	13	17	15710768
11001100110011010011010011000	11010011001111010001001110000	13	13	20	16485448
11100100110011100011110001000	11010011010100111100101100000	13	13	19	15525576
11100100111001100011001110000	11110100100100110110101000100	16	16	21	21712168
11111000011100101010010110000	11101111010001000101011000100	16	16	19	21733752
11111100001110100001011010000	11011001010011101001010010100	15	15	19	18625352
11011010001101001111010001000	10111001101100101000111000100	18	18	20	21864808
11110101000011100101001011000	11010011111001000101011010000	16	17	19	21236104
11100011001111100110100001000	11010100111100001011100100100	17	17	19	21824216
11110011001000101110100100100	11011101011010100011001001000	16	16	18	20527440
11100101100110110100100010100	11110110100100010110011001000	19	19	19	21796688
11011111100011000010001010100	11100111010001110100011100000	19	20	20	21909032
11111000010011110000111000100	11011100100111000011100101000	15	15	19	21346864
10110100111110000110001110000	11101001001110001011010011000	15	15	19	21754048
11110110010011000100111010000	11100101101100010011100011000	16	16	19	21603664
11110011111001100000001010100	11110100111000011010011100000	14	14	19	15932696
11011010100100111100100100100	11101010010101001110011001000	17	17	19	22004720
11011100110001101001001100100	11100110011101001011000011000	16	16	17	21765872
11001111000101100110001101000	11010011111001000101101000100	17	17	19	21907472
11011010111010000110001011000	11110000101011101001010100100	18	18	21	21803312
11011101010001001101100010100	11110011001000111000111001000	14	14	21	16601496
11101100110011100100100010100	11100101011001001100111010000	17	18	19	21740040
11010101100011110100100100100	11110110000111000100111100000	16	16	18	22146280
11110110100100100110010011000	11110011010010010011010100100	15	15	21	20875312
11101100110101010100001100100	11100100111001100110100011000	17	17	20	21813768
11011111100101000001010100100	11100101011010011000101101000	15	15	19	21408096
11011110100010010101001100100	11110100011110010110001001000	16	16	19	21891600
11101010011001010100110011000	10111001100101100011100100100	16	16	19	21974736
11111001001010010011100011000	11111010011111000001001010000	16	16	19	21674872
11100110100111100101010010000	11010011011000110101101001000	15	16	19	21413456
11111011110001001001000011000	11101010100110010011100100100	15	15	20	18902056
11110110001001110001100100100	11100010110110001101010011000	15	15	21	19986240
11111110010001001101001000100	11011110010010110000111010000	16	16	18	21714728
11011010011000111101000101000	11011001100011001101111000000	14	14	19	19822856
11100100111110000101100100100	11010011110000101110010011000	14	14	19	20021048
11101001101110000101001100100	11101011100011000100110011000	13	13	18	16073224
11011001101001011101010000100	11110000101110001100101101000	17	17	20	21829272
11110011000111100110001001000	11011100100011110010001100100	16	16	18	21768624
11100110011000111001011001000	11011000101110001100101100100	15	16	19	20609624
10110110011001011011000011000	11110100100111010001100100100	18	18	19	22045104
11101110110000110001001011000	11011000110011011000110100100	15	15	20	17078720
11101111001001000110100101000	11110010010011001100110100100	16	16	19	20977592
11100110001110101001001100100	11111010001010010111100001000	16	16	20	21752056
11100101001101100110001110000	11110110001101000101110000100	16	16	19	21777848
10111100101010011010010101000	11001111100000111001011000100	13	13	16	17098864
11101100101010011100100011000	11001101110010100100110100100	17	17	18	22253136
11101011001010010011001100100	11111000010010111010011001000	15	15	17	20030112
11011000111000111010011001000	11001110001011100011001100100	16	16	20	21269488
11100110010010111100001110000	11010011110010100111001100000	16	16	20	21442976
11110001111000011001010010100	11101110001100100100101101000	15	15	19	21622104
11110010100110100100111001000	11010100111010011001100100100	16	16	20	21976440
11101100100111000011010101000	11101010010011110100100010100	14	14	19	18812184
11110010100111000100101110000	11010100111001100011010011000	15	15	20	20224688
11101010010011110010010100100	11110001111000101001001011000	14	14	18	19569632
11110100001111000111001001000	11110011110000100010101010100	14	14	19	18027344
11001100101011010110001101000	11101101101000011100011000100	16	16	20	21366488
10110110100010110100110101000	11010110011111001000001100100	15	15	19	19689200
11011001001011011000111000100	11111100010101010011000011000	15	15	19	19979888
11110100110001100101001011000	10110110001101101100010100100	16	16	20	21107512
11100011011001001110001110000	11101011000111100001100011000	16	16	19	21781936
11001101100110010011010011000	11011010011010100100101110000	15	15	20	21414480
11111100101001010001111000000	11110100101100011000101110000	15	15	20	20543128
11011100010100111100011001000	11111000110001111000010100100	15	15	18	21242280
11111001101000100011001101000	11110110000100101110101000100	15	15	21	17619640
11100011100101001101001100100	11101010011010011000111001000	17	17	20	21895200
11001111100100100111010000100	11101001111001001001011010000	18	18	20	21925080
10111001111000011001010010100	11010100110111000111110000000	16	17	19	22051632
11011100001101100011010011000	11100101101000111001001100100	16	16	20	21223440
11011100010011100011001100100	10110111100010001100110011000	14	14	20	18103496
11100110100101100011010010100	11101111000010011110001010000	16	16	19	21677488
11101000111100100011101100000	11110011000100111100001010100	15	15	20	19720968
11111101000010010101001101000	11110011001110001010010010100	13	13	20	15605824
11101110001000111100010011000	11001110010111000111000100100	18	19	20	21805376
11111010101000110100100010100	11011000101101101110100100000	16	16	20	20781992
11010011110011000011010100100	11110110100001011001101001000	16	16	20	21580680
11110010010100111100001011000	11011100100101001110100100100	15	15	19	21140024
11101001110011001111000100000	11001110101100100111100000100	15	15	18	19790224
11110010001111101000100110000	10111100100110010110011000100	15	15	16	19965032
11101000111001001101101000100	11110010100110010100101011000	16	16	20	21104008
11001011101001010010101100100	11101001001110100110010011000	15	15	20	20774176
11111100100100010101010011000	11110100111000100110010100100	13	13	19	17538224
11101100100101001110010100100	11110010011001101001110001000	17	17	20	21859856
11101001110100001110001110000	11100101101101001000110010100	13	13	19	15394832
10111110101001110000111000000	11011000111100010100101011000	17	17	19	22131888
11011110010100011101001001000	11100100101111100001100100100	20	20	21	21822104
10111101100110100101001000100	11011000101110100101100011000	15	15	19	20251800
11101100001110111001100010000	11100111100100101100011100000	15	15	19	19046288
11100110001110100101001100100	11101001111000001011010011000	13	13	20	16842560
11110001001111010010100101000	11011101001000111011001000100	18	18	20	21912296
11011000110110001101100101000	10111101100001111001000100100	16	16	20	20431208
11111001000011011001100010100	11010011110010010100101110000	16	16	20	20313928
10111100011010010101001110000	11100011111010001000111001000	14	14	18	20703104
11101001101010001101101001000	10111010011001100011001010100	15	15	19	18698864
11110101001011000100111001000	11101001111000100101001110000	13	13	19	15697200
11111011000110100001100101000	11100011110100011000110100100	16	17	20	21227016
11100100101111100101000100100	11101001100011010010101101000	15	15	20	20051832
11100111000010110101011010000	11101000111111001000100011000	16	16	18	20409008
11101110000101001110001110000	10110111001001101000111000100	15	15	19	19887992
11011010001110001101010101000	10111100111000110001001010100	15	15	20	18833104
10111110010100100011101100000	11100011100100111001100011000	14	14	19	18433688
11111100001110001001001100100	11011110011001000110010011000	16	16	20	21705968
10111010010011110010011000100	11101010110010011000101011000	15	15	19	20995096
11101001010100111110011000000	11101101001001110000111000100	15	15	17	22270624
11011110001100100100110011000	11011011000111000101110000100	14	14	20	19040656
11011101010010011110010000100	11110010011001100010110011000	18	18	20	21943528
11111010100100110010101001000	11111000110010011100001100100	16	16	20	21917072
11110010001101100011101100000	11011100110010001111000100100	16	16	19	20529504
11101000101110010011010011000	11101101010001111000100100100	16	16	20	21453848
11110010110001100011010011000	11011100011000110100110100100	15	15	20	20305648
11010100110101001100110011000	10111010110001101110000100100	17	17	20	21916432
11111001001001100110001101000	11010011001010111100010100100	15	15	20	19862176
11010011111000010110100100100	11100111100100101000101101000	17	17	19	21972792
11010100111111100000100010100	11011001110011001010001101000	14	14	16	21841920
11100011101000111110000110000	11011010100011010110100010100	15	15	19	20385704
11111100001101000011010011000	10111001100110100100110110000	15	15	19	19520496
10111010001101001101100100100	11110001011000110011010011000	16	16	21	20670216
10111110010010101001001101000	11110000101100111101001010000	16	16	20	21666184
11101111000001100011010010100	11110010001111001001100101000	13	13	18	14403832
11100101001110100011110000100	11101010010011011011000011000	15	15	20	21516688
11011000111011010010001101000	11010111001000111010100100100	15	15	19	19663160
11010011101001100011110000100	11011101100010011010010011000	17	17	19	22041752
11010110100110110000111001000	11101001101101100010010100100	13	13	15	16232304
11011100110100011100010100100	11010110100011100100111001000	14	14	18	19972392
10111111000001001101010011000	11100011101000111010001110000	15	15	20	20661816
11100111001100011100100100100	11010011100011010100110101000	17	17	20	21937584
11101110010100111001001001000	11110011100000111100100010100	14	14	18	19279392
11101110010001011101001000100	11001110011110001001001101000	19	19	21	21761488
11100111100110000010110110000	10111000101110111001110000000	19	20	21	21864736
11110010011100101100001010100	11101001011010001110010101000	14	14	19	17893496
11001011010011110010001110000	11011001111001001001101000100	17	17	19	21943768
10111110010010010110010010100	11011010101001111100010001000	14	14	17	19951544
11010011100111000110001011000	11110101000011101000110110000	16	16	20	21650224
11110111001010001001110010000	11101010110011000110001011000	15	15	19	20167312
11110011100001001100101100100	11110100001111100010110001000	15	15	19	20141416
11110000111101100001110001000	10111010100011011000111000100	19	20	21	21822400
11111100000101011010100011000	11010110011100001100110100100	16	16	19	21638776
11100011100101001110001101000	10111110000011011000111000100	15	15	20	20420288
11101100010100111100001101000	11110101100100111001001000100	15	15	19	20992928
11010011110001110000111000100	11011101001000111110000101000	15	15	19	21848696
11100111000101001110110010000	11101100011010011000110011000	17	17	19	21992728
11100101001101100110001101000	11101101001100001110110000100	17	17	19	21841576
11101001110100100111010000100	11100100111011001001010011000	16	16	20	21876960
11100101100011110001001011000	11110100101110100101000110000	15	15	18	21248640
11010100111100011100010011000	11100101100011110001100100100	15	15	18	21813216
10111110001001110010010011000	11110011010010011001100100100	19	20	21	22016400
10110011101101100010011000100	11110010011001101010100101000	18	19	20	21821088
11110100110000110110100011000	11010110011100110100001110000	16	17	17	20972376
11111001101000101001101001000	10110111100110010010100100100	16	16	19	21519736
11101110011000101100001010100	11100100111001110001100101000	17	17	19	21494080
11001110010011001100111000100	11011000110100111100001101000	14	14	20	19399152
11111100010010101101010001000	11101101001110000100110110000	17	18	21	21897184
11110100100010110111000101000	10111010011001001101100100100	15	15	18	17761344
11011011000100110011100101000	11110100111000101010010100100	16	16	20	21268016
11110010010011100111000101000	11101010100101010011110000100	14	14	18	18961952
11011110011000001011010100100	11110000101011110100100011000	17	17	20	20957592
11101001111000001101011000100	11100110001010111001100011000	15	16	20	19722768
11110100111100010001001101000	11010110001101101010011100000	17	17	20	21758920
11110100100111000110110010000	11010100111110000100110011000	16	16	18	21394000
11100100111100010110101100000	10111110010011001100001110000	18	18	20	21892424
11011101001001100011101001000	11110100001111000110001110000	16	16	20	21525792
11011101001010110100010101000	10110101100100111010001100100	15	15	18	19687152
11110011010011100000111000100	11101010011110001001100011000	13	13	19	15388408
11110101010010010101101000100	11100110111010001101000011000	16	16	20	21593584
11100100111001010010111010000	11101110000110001110010010100	15	15	20	19829360
11110010011001100010111100000	11101100100111100101000100100	17	17	19	21806544
11001100111010010011001100100	11101100011001001111001001000	15	15	18	21059400
11010110110001001111000110000	11100110001111010100100010100	15	15	18	21039320
11101100110100101000111001000	11001101001111100011100010000	18	18	19	21824456
11101100100010110100110101000	11100110110110000101110010000	18	18	19	21775528
11110101001100100100111010000	11110010100110011110000011000	16	16	20	21808720
11111000111100010101000011000	11110101000011100111010100000	15	15	20	20095936
10111110011101000001010011000	11111000100111011010000110000	18	19	20	21830928
11111110010010011000101100000	11101001100100111010001011000	18	18	20	21864000
11011100001100110110100100100	11100111101000111000101001000	18	18	20	21729744
11100100111101100010001100100	10110011110001001011101100000	15	16	20	19516096
11110011110010011000001100100	10111110010000111010100101000	17	19	19	21686608
11001111001001110010010101000	11011100111100010100101000100	16	17	19	21989672
11111010001001101110000010100	10110100111101000100101110000	15	15	18	18006592
11111000001110010110001011000	10111101001000110011101100000	16	16	21	21250664
10111100010011101000110100100	11111000111100101000011001000	15	15	19	19866968
11100100111001001100110100100	11111101001001100001111000000	14	14	20	19336424
10111110010001110100011000100	11100100111100010100101110000	15	15	19	20477040
11001011011010010110001110000	11011001110001001011101001000	16	17	19	21577416
11101001011001001100110100100	11001111001010010011100101000	15	15	20	20638584
11110010011001001010111010000	11110100110010011010001010100	15	15	21	19608712
11110100110010011101010010000	11100111001001101100010010100	17	17	18	21902608
11100110110000111100011000100	11110111100000100011110001000	14	14	20	18066864
11001111011010010100110000100	11011110101000100100110101000	18	18	20	21917624
11100101011000111100010011000	11101100001011100111000100100	17	17	18	22162192
11111010000101100011100010100	11011011000100111101000101000	16	16	19	21721856
11010011111001000011110001000	11100100110110100111000010100	14	14	19	19327680
11100110010010101111000010100	11101100011010101001011100000	16	17	20	21542512
11101001100111100100010011000	11110011001001101110101000000	16	17	19	22023128
11001100111100001011100010100	11011110000011010111000101000	16	16	20	21702272
11010100110100111010001110000	11100101001110111000011001000	14	14	19	18842488
11011000111100010011110000100	10111010100111100010011100000	16	16	19	22001288
11101100001111010100010110000	11001110010100111010100011000	16	16	19	20029640
11111001001110010100011000100	11101001111100000110100011000	16	16	19	21820192
11110100110010001101010010100	11110010010010110010111010000	14	14	21	16294720
11110100110010100101100011000	11110010011000101100111000100	14	14	19	18201912
11110011110000110010001101000	11011001100011010011100100100	14	14	18	16690056
11101000110110001101100011000	11011010101000110110010100100	16	16	20	21005072
11101010100110100100111010000	11110010010100110110110001000	15	15	19	21776176
10111100111001000100110100100	11100011011100011001001011000	15	15	19	19546016
11100110001011011001001100100	11010011101110000010110011000	17	17	21	21668328
11100111000101001110011100000	11101001110000110101001110000	14	14	18	20140736
11101110010001111000110010000	11110010011010010100110011000	18	19	20	21884496
10110111000011100101011100000	11111100011001001001001011000	18	18	21	21781680
10111101100100111000100100100	11110001110000111100010011000	17	17	19	21894480
11010101100100111010001110000	11011100010011110001101001000	17	17	18	22103056
11101010101010100100111010000	11100110001111110011001000000	15	15	17	22117232
11101010100110100110110000100	11011011100100101000111100000	16	16	20	21841160
11001100110011100101001101000	11101001111001000100110010100	16	16	20	21710872
11110001110001001011011100000	11101010011000111000101011000	14	14	21	16630960
11110101001101100100100011000	11111011001100010010010100100	16	17	21	21583616
11110111010001000100110110000	11110010100101101110000011000	15	15	20	17886072
11101011011000010100111001000	11110010010011001011001100100	15	15	20	18768176
11110101000110011010010101000	11100011010011100010101100100	16	16	20	21785984
11101101001101001001101010000	11100111011010010001100011000	14	14	17	19339936
11110100101100001100101011000	11100100101100111100011000100	13	13	18	12030096
11001110101001100101100010100	11010011100111100001011100000	16	16	20	21864344
11010011100100111010100011000	11100110011100010011010110000	15	15	19	20774504
11010011001111000111000101000	11100111001001101000110010100	18	18	20	21875672
11101001100011111010000101000	11101110110001100101001000100	16	16	19	21966400
11011001001110011000101010100	11001110011001100011101001000	15	15	19	21268264
11100100111110000011001011000	11111010011000111001100010000	16	16	19	22019888
11100110001110001110010011000	11111010001001101100001110000	16	16	21	21612208
11101100100101100011010100100	11111001001001010110001101000	15	15	19	20401288
11011100111100100011010000100	10111101001001011000101011000	17	18	19	21613232
11101001001101110001001011000	11110010010110001011010100100	14	14	20	17754080
11100101111000100110001011000	11011100011110011010010000100	15	15	18	20164856
11100111010010010011010011000	11110101000101001101100100100	14	14	19	18558192
10110111001000101100101011000	11101001100011101111000100000	15	15	19	20060560
10110110010011110010011100000	11011000111011000111010010000	13	13	19	17065624
11001100111101101101000010000	11111010011000100101101000100	18	19	20	21867888
11001110110010001111000011000	11011101001001110000111000100	16	16	19	21661264
11110100100110001110011100000	11110011101011001011001000000	18	18	20	21804256
11111001100100011110100000100	11101100100111010010100110000	16	16	20	21713736
11101001110110111000100100000	11101110100001001110100011000	17	17	19	21819632
11111011010000101000111001000	11010010101111100010001100100	16	16	19	20293816
11100100110101100010110010100	11101011010011100010010110000	15	15	18	20914808
11111101010100000011001110000	11110010011001100100110011000	13	13	20	13805008
11010011011001100011100011000	11100111010010001110011000100	17	17	20	21900568
11101001100011011110000010100	11100101010101001110110001000	13	13	17	14862304
11101101000111001000110101000	11011001101100110001001010100	15	15	20	19443008
11101010010011110010010011000	11100101001100111010100100100	15	15	20	21334160
11110000111111000101001001000	11011110100010010011001100100	16	16	17	21995200
11101001011100010011001011000	11110010100011111100100000100	15	15	18	20582360
11010110010100110110010110000	10101011100101101110000011000	15	15	16	19706048
11001101100100111000101010100	11010011101110000011100101000	13	13	19	17417608
11011001001111001010010011000	11001011101100011100100100100	16	16	19	21933600
11111000011110000101001010100	10111001001110010100111010000	16	16	20	21633408
11100010110101001110010011000	11101101000100111001001110000	16	17	20	21884088
11110001110001001100111001000	11011101001110000011110010000	15	15	19	20045072
10110010101110101100001100100	11111110000010011010100011000	14	14	20	15839272
11100110110001111000010011000	10110110001100101110001100100	16	17	20	22027560
11101001101010011000110010100	11010110100011110011011000000	17	17	19	21898528
11110010011000110110001011000	11011110000110101001110010000	17	17	20	21666752
11010011001110011011010000100	11100110011000111000101011000	15	15	17	19002408
11100100111001101100011000100	11101001111100110000100101000	19	20	19	21802504
11001111010100100011010011000	11101001011010001101110010000	13	13	19	14858576
11011110000101110010001011000	11100100110111000011101000100	16	16	21	21008528
11010110001111000011010010100	11101100110001001101001110000	13	13	18	17046952
11101110001100100101100110000	11110001010100101101101000100	14	14	19	17062784
11101001100111000100110100100	11110011001100011001010011000	15	15	19	21452136
11001110010011110000111000100	11110110000110001111000110000	15	15	19	21466352
11101100100110001100111000100	11110001101100110001001101000	17	17	21	21788344
11110001110100101000110011000	11101100010110100011001110000	13	13	18	14407208
11110100100011110110000110000	11100111000101100011110001000	13	13	17	14139280
10111110100100110000110110000	11111100010011100010010010100	17	17	19	21554024
10111001100111001011000101000	11100111001100100011011000100	20	21	21	21843232
10111101110001001001001100100	11110100100110100111000101000	16	16	20	21559152
11110010101001001100101110000	11011000101011010011100010100	14	14	19	16474480
11011110100001010110001011000	11110010110010001011011000100	16	17	20	21607760
10111001010011011110010010000	11101111010001010011001001000	17	17	19	21774616
11011101001001100010110011000	11101001101010010110001100100	17	17	20	21618704
11110101011000100101100101000	11111100100010010011101000100	14	14	19	18357856
11100110010011100011100011000	11010011110010011100001110000	15	15	20	21109184
11110101000110010011100010100	11001111010001100100111100000	15	15	19	20864888
10110101101100010011110000100	11110001101011100010010011000	15	16	18	20732600
11110010011100101001010100100	11101110010010011010011001000	16	16	20	22062520
11110101001110100010010101000	11001110111000011001111000000	15	15	19	20931064
11101110100101010001001011000	11001111010010001011101000100	14	14	20	14177952
11101001110000111100001101000	11001010110101001110110010000	15	15	20	20183048
10110110100110001011011100000	11111001100100100110001101000	14	14	18	14508864
11011001111100011001000110000	11111000011001010010111100000	15	15	19	20625832
11111010100100101110010001000	11100101010110001100101110000	17	17	19	21672704
11011001001110001010101011000	11110001110100100110011000100	14	14	20	19084736
11110101001010101001010110000	11110001001101001110001010100	15	15	20	20289576
11110011010100011010010100100	11011100101010100110110001000	17	17	18	21852984
11101001110000101110011000100	11100110001111000110100011000	13	13	19	14150032
11110001100011011001110000100	11101010011000101110010110000	15	15	21	20142608
11101100110100110001110100000	11100011110101001100001011000	15	15	18	21106216
11101100110011010100001110000	11100110001111100010100010100	14	14	16	16901800
11100110011010010011100011000	11110100100110100111000100100	16	16	19	21966232
11011011100001100011011001000	11110001100110001110001100100	17	17	19	21587512
11110010110001010101100100100	11101001110101000100101011000	15	15	19	21356912
11100111100000110100101011000	11011110011100000011100100100	14	14	20	17944512
11010011100011101110010000100	11110110100010101010001101000	16	16	21	21170632
10111001101000111100100011000	11101101000110001101011010000	17	17	19	21913208
11011010010110001100110011000	11101000111111001010010010000	16	18	16	21325096
11110011000100101111000110000	11101001100011101100010011000	15	15	21	19349528
11011000110101001011010010100	11111100101100001100100101000	18	19	22	21859904
10111000111100011000101101000	11100011110000111011000100100	13	13	19	13883952
11110111001001010100010100100	11111100001000101101001011000	16	16	20	20820840
11111000011000111001100100100	11011101000011100111100001000	15	15	20	20692880
11101100100111000101001010100	11111001001110010001101001000	16	16	20	21922896
11111001101001000110001100100	11011100001011100011010011000	16	16	20	20554584
11011100110011001001001011000	11111110001010001010010100100	15	16	21	19922504
11010011111010001010001110000	11111001110001100001100010100	17	17	19	22062920
11011001010011100011110000100	10111011011001001100011001000	16	17	19	22028432
11100010111110100001001011000	10111111000001111010001000100	16	16	20	21248864
11101000110100101101101000100	11101011100001011001001011000	17	17	21	21430904
11101001110010011100100011000	11001111001001100011011000100	17	17	20	22059928
11110101001100101001010011000	11111100101001000100101100100	14	14	21	20187608
11110110001001011101001100000	11100111001010001111010000100	15	15	19	19364584
11011001010011100100110100100	11010110011010001101010011000	14	14	18	20069736
10111111100100001001001100100	11110001010011100110010011000	16	16	19	21837600
11111010100101100100100100100	11010011010011111001001001000	17	17	19	21810160
11111111100110000100010001000	10111010110010010110001110000	14	14	18	18840464
11111000010100110100101110000	11111011010100010011011000000	17	17	21	21870096
11111011000001011000111001000	11001011101011000101001110000	18	20	20	21891248
11010011110101010011000101000	11001111100001010011001100100	15	15	20	21182600
11100100110100110110011100000	11010011100101001110100100100	14	14	18	16955520
11111010001001100101001100100	11100111010010011010010101000	16	17	19	21886648
11100110010100111010010101000	11110110000011100011001010100	15	16	19	21525728
11110010010011001110100100100	11101110011001100010001101000	16	16	18	21253792
11001011110011100001010100100	10111001101000110010101011000	13	13	19	13762888
11110011100001111001110000000	11011100101010010011011000100	18	19	20	21978608
11011100001110011100110010000	11100011110100001110011000100	15	15	20	19220464
11110000110110101001110000100	11011001100100110111001001000	16	16	19	21467392
10111101000110101100100010100	11110001100011001100110110000	18	19	20	21742296
11111010010011011000011000100	11100100110110001101001011000	16	16	20	20970512
11110111000100100110010100100	11100100111010101001001101000	16	16	19	21182056
11111001101001001000101101000	11010100111101010001100010100	15	15	19	17968112
11111000110101001010100010100	11101101101100010001101100000	17	18	21	21854056
11101010100110100011010011000	11011110100100101001001110000	13	13	18	15088096
11111010001100101000111000100	11100111001011110100010001000	16	16	20	21502312
11101100110001110000101011000	11110000111111000110100010000	15	15	19	20178432
11101001101001100011111000000	11110011100010010110011001000	16	16	18	22419144
11101100100011110010011001000	11101010011010001101001100100	16	16	20	21525536
10111100011010010010110011000	11110010011100101010010100100	14	14	18	17083720
11101101000111100001101100000	11010101110001100110100100100	15	15	16	20305040
11001011110100001110010011000	11011000111010100101010100100	14	14	18	17002176
11111010100001001101101001000	11110010110100010010101100100	15	15	21	18861312
11001110111000011100100100100	11101000111100100100111001000	18	18	21	21871712
11110110010001010011001011000	11001111000110001111100000100	15	15	19	18802856
11101110000100110011100110000	11100110010011001100111000100	15	15	21	19206112
10111011110000110100011100000	11110001011010001101001100100	19	19	20	21980400
10101110100011001101010100100	11011100110100011001010011000	16	16	19	21371960
11101101001010100101001010100	11101000111010011000111001000	15	15	19	19990272
11110010010011101100010011000	11101001100101001111001010000	15	15	18	20685024
11010101010011011100100100100	11101001011010001111000101000	15	15	19	21362088
11101101000110011000111001000	11010011011100001101100100100	18	18	20	21894256
11101011100001100011101000100	11110100100111001001011010000	14	14	18	17978408
11011101000110001100111100000	11111110100011000110000010100	14	14	19	17267192
10101110110000111100001101000	11111000010011111001010000100	14	14	17	16224776
11111001001010011001110010000	11011100100101011101000010100	17	17	18	21756448
11101001011000110100111000100	11110011100001100011110001000	16	16	20	21719552
11001111100000110110001101000	11101001100111010000110010100	16	16	20	21475928
11110100010110110011110000000	11001110110000111100110001000	17	18	21	21445176
11010011101010100011100100100	11001111110010010101001001000	17	18	19	21893016
11100101001011110100110100000	11010011101101010000110100100	15	15	20	19147320
11110100100111001100001110000	11001110010011100011011000100	17	17	21	21871704
11001111001110001010001011000	11011100110010011100101010000	17	17	18	21805272
10110110101001001110010010100	11001111000110110100001110000	15	15	19	20924336
11010110101001100111100000100	11100010111010101001001101000	17	17	20	22161248
11110011101010100010101001000	11010011100011001100110100100	16	17	20	21614112
11011001011110010010100011000	11100101100100110010111010000	19	19	20	21910568
11110011000110100100111000100	11011100010011010011100101000	16	16	20	21832024
11110110010010110000110100100	11001111101011000001100011000	18	18	20	21694584
11010110010011011010110010000	11110010110010011000110011000	17	17	18	21745560
11111101000110010011000110000	11101101100000111100100010100	15	15	20	20688088
11111100001100100110101000100	10111100110001010011001011000	16	16	20	21500032
11101001111100010000111000100	11100110001111001101010001000	18	18	19	22034320
11110001001111000110001101000	11011110001001100011100100100	15	15	20	20886336
10111001001100101110010101000	11100111000011110000110100100	14	14	20	16238864
11011001001101101000110110000	11010100110111101001100000100	14	14	17	17405408
11101110011000001110100010100	11111001100011001100101001000	14	14	18	16547832
11011000110101010100110110000	11110011100011000101100011000	16	16	19	21861168
11110110010010010011101001000	11110011100011010010010110000	14	14	19	17545136
11010011001111101001000100100	11111001000010110010111001000	15	16	19	20928576
11110100001100111000110011000	11001110100101001110010100100	13	13	20	14236616
11110010110001110100011000100	11101101001100011011100001000	16	16	19	21888488
11101100100101100110001010100	11111000101100011110000101000	14	14	19	18274664
10111010010110101001010011000	11110001100110010101001100100	16	16	18	21785368
11010100111110001100100100100	11110001110001110010010011000	16	16	18	22166264
11010010110011010100110110000	11111100111100010000110000100	19	20	21	21845320
11001111000011011100010011000	11110100011101000110001110000	17	17	20	21812896
11110100101000111001010100100	11101011001010111000010101000	16	16	18	21513024
11110100111000110010010101000	11101011000100110011110010000	16	16	21	21760328
11111011000000101110001101000	11100111001100110001100010100	16	16	21	19664832
11110011100110010100101000100	11011001111001000110011010000	18	20	21	21850840
11110100011101010010001100100	11110011001001010011010011000	15	15	20	20181024
11101010001011110001110100000	10111010100111001011000101000	15	15	18	17696808
11100111000100111001010010100	11101100111001010001100110000	17	17	19	21890328
11111000101010100111100001000	10111100101001101001010010100	15	15	17	22500072
11110011000111001001100011000	10111000110011100100111000100	17	17	20	21940416
11110010110010111100000100100	11101000111000110101100011000	17	17	19	21935840
10111100100110001111100000100	11111000001110110001100101000	14	14	18	19909992
11011110101001000111001000100	11111000011100110001001110000	18	18	20	21779848
11100011101101010101001000100	11101100011011000011100011000	14	14	20	17028512
11110110010011000111000100100	11111100101011000100010011000	15	15	20	21284416
11001111000110100101001110000	11101001100110101001010011000	14	14	19	21012672
11100111110100010100110010000	11110100001111100011100100000	15	17	18	21542640
11010011110010100110110100000	10111010010101010100110100100	15	15	17	19675608
11100111100001110011000011000	11101110010011001001001100100	16	16	20	21850208
11100100111100010111010001000	11111010010001011110001000100	15	15	20	20244816
11001111001100100011010101000	11011001001110010101001100100	16	16	19	21274896
11110011001101110010010100000	10111110011100001010001101000	19	21	21	21739744
11011001110001001111001001000	11110011000110011001001100100	17	17	18	22076824
11111100110000011010001100100	11101001101001011001011100000	15	15	20	20096688
11101100011101001110001010000	11110010100110100101001101000	16	16	19	21828424
11011110000101110011001000100	11010110011100011100010101000	16	16	18	21308232
11110010101001011000111001000	11101111001001000101111000000	16	17	20	21925040
11100111010001101000101101000	11011100011011100010100010100	19	19	20	21754392
11110010010100101110001100100	11101001010101011110000011000	13	13	18	15523656
10101111000100110110010011000	11110100010111010000110100100	16	16	19	21577920
11101011000110001110100101000	11111000110001010100111000100	15	15	19	20467768
11111001000101110010011000100	11011001110000111100010110000	16	16	19	21552856
11110010011110000110100110000	11110100100111010001010010100	16	16	20	21879392
11101100011000111011001001000	11001111010011110000100100100	18	19	20	21809560
11011010101001101100001100100	11110110100000111010100011000	13	13	18	15361936
11100010111001001011111000000	11101100010100110100110110000	13	13	20	14176968
11111001001001010100110011000	11101110000101010011010110000	13	13	19	16485648
11001111100100100110110000100	11011000111011000100110011000	14	14	19	18897544
11110110001101100010100110000	11101010100110110010101000100	14	14	18	19720544
11011100011100100011100010100	11110010011010010100110110000	14	14	18	18604864
11111010001100110010001101000	11001111000011011001010010100	16	16	20	20484536
11110110100000101100110100100	11010011111010010010110100000	15	15	19	17207632
11110101100100010100101101000	11011100011011000011100100100	16	16	20	20467288
11011110100110010100011010000	11101001100100111101001000100	16	16	18	21595776
11110010010100111101010001000	11010011101010100100110010100	15	15	19	21350080
11100111100101110001101000000	11011110000010111100010100100	19	21	21	21771968
11111001100001101000110011000	11101001110011000110011010000	15	15	19	20087024
11100011110101010010110010000	11110111000100010110001011000	17	17	19	21885720
11101001111000010011010011000	11110101100011110001000110000	16	16	18	21879528
11101001111011000000111001000	11001111011000101001001110000	14	14	18	18070184
11100011010011010100111001000	11011101101000011001100010100	15	15	19	20850488
11001111000101100110011000100	11101100100100110011100101000	17	17	20	21883408
11011010011101001011000101000	11100101010110100011100010100	16	16	18	21761832
11100111001100100101100110000	11110110000101010011010011000	15	15	18	20870904
11101001100011101010011100000	11100110011001001101001011000	15	15	19	21082680
11011011000110010011001100100	11100111011000100100110011000	15	15	20	20743336
11010010111100100010101100100	11111110010100100110110000000	18	19	22	21909976
11110001111010010011001001000	11101101000101101010100010100	15	15	18	21169808
11100110110100111000011000100	11111010100010011010100011000	18	18	21	21850528
11101010001010101011001100100	11100011111100011000010011000	14	14	19	19079040
11011110010010111000010100100	11111001110001100010100011000	16	16	20	21548496
11100110010100110100110110000	10111100111010101010010100000	18	19	19	21876352
11010101101001011000111001000	11011011000110010101001010100	15	15	17	22171952
11111000101110010001101001000	11110101010011000110001100100	16	17	20	21668816
11101001001111010100010011000	11111001001100111001010010000	16	16	20	21846368
11111000101001100110010010100	11110101100101010100011010000	16	16	19	21881808
11101001001111010100100110000	11001111010100100111000011000	16	16	20	21918424
11100011110100100011010011000	11111010101000001110010100100	14	14	20	18538408
11011010100101110000111010000	11001100111010011001001101000	16	16	19	22078136
11011001011000111001100011000	11110011000011101010001100100	16	16	18	21827720
11101100001110011001010010100	11110011010010111000100110000	16	16	19	21264040
11100110101000110111001000100	11101010100111010001001101000	17	18	19	21770032
11111100001001011000110011000	11010101001101110001100100100	15	15	20	19825760
11101000111110000110010011000	11110110100001101001001100100	16	16	18	21913136
11011110000111000101100011000	11001110110001100101010100100	16	16	19	22035928
11110011100011001001010100100	11011000111001001011101001000	15	15	18	20702256
11011011010010110011100010000	11101110001010001011101001000	18	20	20	21898096
11011100101001001101100110000	11100111010011001100011001000	17	17	19	21739160
11110010110100010101001011000	11110110010011010000111000100	16	16	21	21189016
11111001010100110001101001000	11110100010100110100101010100	15	15	20	20702336
11101011011000101001001100100	10110111100011000110010011000	16	16	20	20941856
11110001110100100110011001000	11011101000011010011100010100	16	16	19	21779976
11111001010001110010001110000	10111100011100110100110000100	17	17	19	21815984
11110100001110010110011000100	11001110011110001000101110000	16	16	20	20509104
11111100111001000010101000100	11011001110010100110001110000	16	16	19	21337760
11011100100110100010110100100	11001111111001000010010011000	15	15	18	19750536
11110011000011010100111000100	10111111001001100011010010000	16	16	20	21051208
11011100001111010100110000100	11100111100111110000001100000	16	16	19	21858952
10111010100111100010100101000	11010110101100100100101100100	15	15	19	21995520
11100011011110011100000110000	11101011000100101101010011000	19	19	21	21774368
11011010010011101110000101000	11111000001101110000101010100	13	13	17	13943488
11011100110100100010101011000	11100111101001000111000110000	16	16	19	20527240
11110110100011010001001100100	11010011111100001100101001000	17	17	18	21387048
10110110100010111100110100000	11111010001100100110010100100	16	16	19	19606976
11100111010011100001100101000	11110101000101111010000010100	15	15	19	21388800
11001101010011110101100010000	11101001001110010011110001000	16	16	19	21906992
11011100011111001001001001000	11111001100011001001001110000	17	17	19	21916136
11101100110011001010010011000	11111001001001001101100100100	18	19	19	22027960
11100110100011110100001100100	11110110010110000010111001000	16	16	19	21588760
11110111000011001010011000100	11110010010011011100110010000	15	15	20	20815736
10111001101001100110001010100	11001100111101100100101001000	17	17	20	21854080
11010110010110001011101001000	11111001101000010101001100100	15	15	19	19703848
11011001101000111001110000100	11100111010010001110001011000	14	14	18	18695376
11101010101001110100100101000	11100110001100101110001100100	15	15	18	22101928
10110111001100001011100101000	11011100100011111100100000100	17	18	17	21449696
11101110100010100101010100100	11110001010011010011001011000	16	16	20	21392904
11011110010011100110000100100	11100111001001111100010001000	18	18	19	21794464
11101100010011110001010100100	11111000100110001110010101000	14	14	20	19141664
11110010100100111110000110000	11101010010011010111100000100	13	13	18	17178544
11100011111010010100110010000	11011101010000111011000011000	17	17	19	22004520
11011010001101100101001110000	11001111010001010100111000100	14	14	19	18472256
11110010011100100010111100000	11110110010010010111100000100	17	18	20	21794176
11011101001001011010001100100	11010011101011101000100101000	14	14	15	18357536
11100011001100111000111001000	11011100011010100101110000100	17	17	20	21823416
11100011111100000111001100000	10111100011101001001001101000	17	17	18	21905056
11100111000010111001101001000	11110100111001110000100100100	18	18	20	21732280
11100100111110010101001001000	11110111001000100101001110000	16	16	19	22053920
11101100100100110110100011000	11101010011100011000110110000	15	15	19	19828640
11101001100111100100001100100	11111100110001010010010011000	13	13	18	15880656
10111100010110010010110011000	11111010110001010101100010000	17	17	20	21769200
11111000010110110001010010100	11110101100011100110001010000	13	13	18	15012992
11101111000010001101100100100	11001110110010101001101001000	16	16	17	21047032
11111110101000100010110000100	11101001110001111000001110000	15	15	19	20610200
11111001001111000001110010000	11011001110010001110011100000	14	14	19	20091544
11001101100011110101001000100	11010110001111000110100110000	16	16	18	21828784
11100111101000101001001101000	11011000110111000100110100100	17	17	20	21882264
11010100101110100010101101000	11001101110010001101100010100	14	14	20	16449848
11110011010010100110100100100	11110101100100101001101001000	14	14	20	20322904
11100101010011011100100011000	10111100001111001010010100100	16	17	20	21397776
11110111000010001100110100100	11110011010010110001100011000	16	16	20	20558256
11110010100111000011010100100	11010111001110000100110011000	14	14	19	18572000
11011001001100111000110100100	11110010011110010011001001000	18	19	20	21790824
10111011100010010011001100100	11101001001101001110010101000	16	16	20	21268928
11110001111000110001100011000	11111010100110000101011000100	15	16	20	21539736
11100110011010001110001100100	11111010000011111000010011000	15	15	19	20880448
11001110010011100110010011000	11110110001011000010110100100	15	15	20	21097632
11110010011001010011100100100	11011011010001010100110011000	15	16	19	21799584
11110010001110110100110001000	10111110101001100001011010000	15	15	17	18801240
11110010010100110100110110000	11111101001001101000011000100	14	14	19	18018640
11010111000100111100010011000	11101001011010100010111010000	15	15	18	21862416
11001111100000110101011000100	11011001001101111001010001000	16	16	20	21544256
11110001110010100101100110000	10110011101001010100110010100	15	15	18	20117488
11110101100100001111000011000	11011001001111000010110100100	15	15	19	19973232
11110001110011000100111010000	11110101000011111010010001000	17	17	20	21881168
11110100101001010101110010000	11010111100010001111001000100	17	17	18	21781008
11110011110000001110100100100	11101110001001110001101001000	15	15	19	20162424
11110011010011101010000100100	10101101101001111001000011000	15	15	19	19159768
11100110010100111001100101000	11110100110001001110001100100	15	15	19	21508984
11100111100011001001100010100	11110111001100010010011001000	17	18	20	21890648
11011011000110011000101011000	11110100101100101011000110000	16	17	17	21123232
11011110100000111100010100100	11010011111001100000101101000	14	14	19	18421808
11011011010100110100010011000	11100111010010001011001110000	17	17	20	21761616
10110111000011101010011100000	11111110100101010010000100100	17	17	19	21909576
11011000111101000110010011000	11110001101001001010110100100	13	13	19	15667352
10111110001101001000111001000	11100110110000101110001110000	16	16	20	21223728
11011100101100110101000011000	11100110010100110010110100100	17	17	19	21788992
10111110001001001110010100100	11111000100111100011010001000	16	16	18	21643552
11011101000110010100101100100	11111100001100101001110001000	17	17	19	21783944
10111100100110010100110101000	11110010010011111000101100000	16	16	18	21916600
11101010011110100001001011000	11110001110000110100111100000	15	15	19	20453040
11101001111100001110000110000	11110010001110100100110011000	17	17	19	22193880
11110111000101001000110011000	11111000011001001101001100100	14	14	21	15672336
11110011010100010110001010100	11011001001100111001100110000	14	14	19	15797208
11011001010011111000010011000	11100111110000010010110100100	13	13	16	18544504
11001100110101001101100101000	11101001110011001010101000100	16	16	19	21497792
11011110010010100110100101000	11111001010100101101001000100	16	16	20	21862264
11101001001101101101000010100	11110011100110010100101100000	18	18	21	21779456
11101001101001010011100110000	11111001111000011001000010100	15	16	19	21448376
11010110001111110100110000000	10111100111110000001110000100	14	14	16	19912184
10110111110011001010100001000	11110100110010110001010010100	17	17	20	21760840
11101101000111001010100100100	11110000111100101010001101000	15	15	18	20228512
11111001010011101001001010000	11010011011110100100010011000	16	17	19	21972224
11001110010011100111100000100	11111010000101011100010110000	15	15	20	20865672
11001111001000110101001100100	11101100100110110000111001000	19	19	21	21834696
10111110100001011000111010000	11101000110010101101100011000	15	15	20	20307552
11111011000010101100010100100	11010110100011010110001101000	15	15	20	19287616
11001110101001110000101100100	11101100100100110011110100000	17	17	20	21891248
11100110110010010011001011000	11011100101000101110010100100	14	14	19	17432576
11100110011000111010100101000	11010011100101001010111000100	17	17	20	21878488
11011101001001001110010011000	11001101110000110011010100100	16	16	20	21724824
11011011100010001011010010100	11011110001001010101001110000	14	14	17	16522336
11001101110011010100100010100	11101000110110001110001110000	15	15	19	19251680
11110100100011100100101011000	11111001001010011001100100100	16	16	21	21332872
10110100111001111001001000100	11111101001001001100011010000	16	17	19	21491480
11010110100100101110001011000	11011100010011110001101000100	16	17	19	21263864
11101010101000111000110100100	11111001010010101101110000000	14	14	19	17874416
11111001100001100111000011000	11101000111101000010111010000	17	17	20	21709088
11110001111000110001001010100	11101010010011101010011001000	15	15	18	20806744
11110100001101100101110000100	11100101100100111100011100000	14	14	18	16075712
11101100110001100100111001000	11100111100100101001100010100	14	14	18	19599472
11111000110100100101001110000	11101101110000010011101100000	14	15	20	19802968
11110001111001100000111000100	11011000111100110010010101000	14	14	17	18470744
11011100010100111001001110000	11001111110000110000111000100	15	15	19	21714424
11001111010010100100110011000	10111001101001010011001110000	15	15	20	20339080
10111100111000110100011001000	11100111110001010010001110000	15	15	19	21114584
11011111000010010110010100100	11111001000111010011010001000	14	14	19	19710104
11101010011100100100110010100	11101100110011000101010110000	14	14	18	19981800
11101101000111101000001110000	11110100011001101100010011000	15	15	20	20991104
11010110110001001110010011000	11011010001111001110000110000	17	17	19	21935344
11100111100011001110000100100	11011111000100001101010011000	19	19	21	21846112
10110110011111000000101101000	11011100110001001101010010100	15	15	20	20175760
11101100011101101010001001000	10111110101000100110001110000	17	17	19	21724456
10111101010011100001101001000	11010110011000111110101000000	14	14	16	20062064
11001010111001101001110000100	11011111010000100100110011000	17	17	21	21723712
11100101111000001111001010000	11101000110110110001100011000	17	17	18	22044232
11010101001111001011000100100	10111001110100010011011001000	17	17	18	22085552
11101010011001100110001010100	11110001101010011110001001000	16	16	19	21831584
11101110000101100100111001000	11100110101010010101001100100	17	17	19	21980424
11001110011101100001001011000	11110100010011100011011010000	15	16	20	19729680
11110100101101010001010110000	11101010001100101100110011000	15	15	21	18511680
11111110100000100100111001000	11111011010011011000010000100	14	14	21	18579904
11001110101110110001100100000	11011100110000111001010101000	19	19	20	21725160
11011100100100110011001110000	11001011101001001101010011000	15	15	21	19181416
11100111001100010110100100100	11011110011000110110100001000	16	16	20	21742976
11100100111111010000011001000	11011001111000100100101100100	16	16	18	22036320
11011010011100011100001101000	11111010010001110000110100100	15	15	19	21312832
11110100110110001100010100100	11100111110010110001000011000	15	15	20	20662040
11110011100100110010010011000	11101000111011000011001110000	15	15	20	20673560
11100011100110101001100010100	11110110100101010010011001000	17	17	20	21764784
11110111100010001010010010100	11110010110001110001001110000	14	14	18	17587256
11111001001100010110101010000	11111010010011000101100010100	14	14	21	17796640
11101001110010011010001101000	11111011011000010001100100100	16	18	19	21888856
11101001010110001111010010000	11100111101000100100110010100	14	14	15	20354848
11101100011110000101001100100	11110001110011010110000011000	15	15	18	21596600
11010100111001010011001101000	11111001010001001100110010100	14	14	20	19078872
11100110111000110001011010000	11011100011000110010101011000	17	17	20	21608160
11111100101100011110000001000	11101001011100001110100100100	14	14	18	20377928
11101001100011100010111010000	11100111000100110101100101000	15	15	20	19631424
11011010100110001111110000000	11010100111001010010111001000	15	15	17	22710024
11010110100100111000111001000	11111001000011100011100110000	13	13	19	15246400
11100110001101101100001010100	11111010001111010100001010000	16	17	20	21023816
11111000010110010110001010100	11011001001111010001110010000	14	14	17	18992072
11101010011100010011010011000	11110010100111001101000100100	16	16	20	21881904
10111110010011010011000010100	11111001000110011000101101000	15	15	19	19765656
11110010100101011001010011000	11011001011010001100110100100	16	16	18	22205272
11010011001101111000011001000	11100110011011100000101100100	16	16	19	21194816
11111011000001001011001010100	11110001010100111000111100000	13	13	19	14567456
11011101010010111010010001000	11110101001101100010001010100	18	18	20	21784752
11011000111001010100101100100	11001111001011100001100011000	15	16	19	20992856
11100011100100111010100110000	11110110001110011001001100000	17	17	21	21811432
11100110001011001011101010000	11111010001110001100010011000	17	18	21	21508304
11111101000010011100011001000	11001111011010001011000110000	14	14	18	18723848
11001111000100111101000010100	11011000111100101000111001000	14	14	19	19954952
11110100001111111000010100000	11100111110100001101000100100	15	15	16	21350080
11111100000110110010010011000	11011100010100111100100110000	15	15	18	21031400
11101110010100100100110110000	11110011100010010011010010100	16	16	21	21123360
11100111110010001001100010100	11010010111011000100111010000	18	18	20	21884888
11010101011000111100101001000	11101011000110100110100100100	16	16	17	22379424
10110111100011000011010010100	11010011011100001110010101000	15	15	19	19795016
11110100100110110001001010100	11101010011001101010011001000	16	16	21	21410816
11110010101001110110000011000	11101001001101001100110110000	15	15	18	20925008
11010101001101001111000100100	11101001110100010011110001000	16	16	19	22043528
11010011010011011000110101000	11110010011011000110100100100	18	18	21	21797464
11100011011010001111000100100	11011101000111111010000001000	18	19	18	21882016
11011011010100110000110011000	11010100110111100100010100100	15	15	20	19884600
11010101010100101110001100100	11111100010011010001101100000	16	16	19	22016648
11111000100011011110010001000	11010100111001100010110100100	16	16	20	20921120
11011010100011101000110011000	11111100000111110000010100100	14	14	17	16555416
11100111001100011010100011000	11101110000111010001101010000	18	18	21	21897240
11101100010110110110000010100	11100111010001001010111001000	18	19	20	21788016
11010101110000111100110001000	11001101010111001010011000100	14	14	16	19128464
11001011110011000100110100100	11101100011001010101001011000	16	17	18	21491624
11110100100100111110001000100	11111001001100100011001011000	15	15	19	21383472
11111000110010011110001100000	11010100111011010011000100100	16	16	19	21997088
11001111000111000011001010100	11101100100011100111110000000	15	16	19	21242952
11010100111010010100111010000	11001110110100001101001011000	15	15	19	21189640
11110011001000111000110101000	11011100010110001011100100100	16	16	21	20819744
11100100111000111010001010100	11010011111001100010100101000	14	14	19	19188912
11111110101100010001100000100	10110011100011111000110001000	17	17	20	21775864
11110010010100111000110011000	11010011101110010010010100100	14	14	19	17791440
11011001100111000010110011000	10111011100001111000010100100	15	15	20	19200472
11110011000100111100011100000	11101100011010100110001010100	16	16	20	21676640
11011111000110001000111000100	10111011101000100101001011000	15	15	18	19983528
11111010001100100101001101000	11100110001111001001011010000	15	15	20	20722936
11101100100101011000111000100	11110011100100110001010110000	15	16	18	21366224
11110010010100110011001110000	11111010010001001110010011000	14	14	21	18741600
11110100011110001100010100100	11001100110111000011001011000	14	14	18	17958736
11110101100100001111000100100	10110011101101001001010011000	18	19	21	21792344
11010011111010010110001100000	11001101100101100011100100100	13	13	17	15854184
11110001111100000101001011000	11110110001001001100110100100	13	13	19	15852856
11100111011100001110000011000	11010110001111100001010110000	16	16	17	21370328
11100100110010110011001010100	11010011010101100100111010000	14	14	18	20217448
11010100110111100001010010100	10111001100101101100001110000	15	16	19	20444896
11101010010101101001100011000	11010111010110000110011000100	17	17	18	22102248
11111010010100110100010011000	11001110101010001100110100100	16	16	20	21249152
11110101001001111001000100100	11100110100100111000101011000	15	15	20	20763880
11111101000100101010100101000	11100110001110010110010100100	15	15	19	20740360
11110000101101110001001100100	10111110110001110001000011000	15	15	19	19386736
11111100010010011011100010000	11011000101101011000110010100	15	15	20	19053800
11101101010010011100001010100	11011000110011111000101001000	16	16	20	21625136
10111011100001011001001011000	11010011100111000011110100000	16	16	18	21122592
11111000111000010100101110000	11101010010110010011011001000	14	14	20	18170896
11011101000100111001001011000	11101100111000100101011000100	16	16	20	21598960
10111110001100110010011001000	11101010110010010011001100100	18	18	20	21951888
11100110101110001001010011000	11111011000001001110001110000	17	18	20	21920392
11101010100101010010111000100	11110000111110011001000011000	14	14	20	18435656
11001111000110100110001010100	11101110000100111100110010000	15	15	20	20658960
11011111000011001101000011000	11100100111100101001001100100	15	15	19	18968872
11110100110100101001100110000	11110101100001110010010011000	15	15	19	21465608
11111110110000010100010011000	10110110011010001110001100100	16	17	20	21151112
11101100100011100101001100100	11001110011000111000111001000	17	17	21	21776968
11110110010010110000110011000	11001110011000110110100100100	20	21	22	21723096
11100011001111000111001001000	11101110001000111100001010100	17	17	20	21736344
11011100101100001011010011000	11001111001011101001000110000	19	19	20	21776840
11111001100010010011011000100	10111111000001111100100001000	17	17	20	21627984
10111100111001000100110110000	11100111100011101000100010100	18	18	20	21778120
11010101001110011101001100000	11011101001100100010101110000	17	18	19	21953808
11100011110001100100110011000	11110101001101001100110010000	18	19	21	21845760
11111111001000100010010010100	10110011111000100101001110000	16	17	20	21813064
