first	second	opt	dist	central	visited
111100110001100011110010100101000	111011001100001110010100110100100	18	18	24	278456208
111001110001010011101000111000100	111101000111101001100010010110000	18	18	23	283931904
111110010110110000101001100101000	111101001001111100010001101000100	15	15	22	181672216
110110001101001101100100111000100	111110001001010010111010100011000	17	17	24	259665016
111010100111001000111100100010100	111011001100010101110000101101000	17	17	24	269890920
111010110010010100110101010010100	111100101001100110110001001101000	18	18	24	278079744
110101100100111001100011110100000	110111000111010011000100101110000	18	20	23	284750832
111101001101110000011000110100100	111001100011100100110110001101000	17	17	22	225609984
111001011001001100111101000110000	111101101000101100110010100011000	18	19	21	275052744
110010101110001100111000110110000	101101010011101001100101001011000	18	18	23	274469200
111100010011111000010101110001000	111101100101001001100010110010100	17	17	23	263196000
110111100100111001110000101000100	111010111010100110001100100110000	18	18	23	279957240
110110001110011000111001100100100	111001100011110011000100111001000	18	18	24	278619496
101111110100001101010010100011000	111110001100101010010100110100100	20	20	24	287049616
111001011000110111001100010011000	110110001111100001100011110010000	19	19	23	282577992
101111001101001111001000010100100	111100110010110011100100001101000	17	17	21	247549912
101111100010011110000011011000100	110011011110010010101001001011000	18	18	21	280799208
111001001101010011101010001101000	101111001110001010011010100100100	19	19	23	279187680
111010100111110010000011010101000	111101001001100011101111000000100	18	18	22	282804120
101110011001001100111010010011000	111100010111100001001011100100100	19	19	24	282408024
110111100001100111010000101110000	111001011001010011101100011000100	17	17	21	248824704
111110001100011100010011011001000	111011011001000011001101001010100	17	17	22	255284608
111011010011010000101110010100100	111001010100110011110001001101000	17	17	22	209212136
110100111001011011010001001100100	111110110100111000001011001001000	23	24	24	286965696
111010010110111001110000010110000	111101010000111110000110011000100	19	19	24	278814456
111001100011101001001110001100100	111101000111000011101110010001000	17	17	22	266949960
111011000110101010011110010000100	111100011110100001001100110110000	20	20	22	289002632
111011000101101001101001001011000	111001100101001111001010011010000	18	18	22	276486224
111100011110001000101100110011000	101111000011100101010101001100100	18	18	22	260411856
111110010010110110100000111000100	111101101010010001110011100010000	19	23	24	276801352
111001100110010011101000110101000	110101011110001101000011110010000	17	17	20	263040008
101111100100100110001111000011000	111100100011101100100011100100100	17	17	21	265322104
111111000010100110001110001110000	111011001010010011101000110010100	16	16	25	242456360
111011010011001100011101000011000	111101001110010011000101001110000	17	17	22	273100920
111110001000111011101100100000100	110111010001011010010011001011000	19	19	23	272194776
111101100001101001111100000011000	111001011001001111000111100100000	17	17	22	264465056
111101100100100011010101001101000	111100010100111001001111001000100	16	16	23	209345960
111101100000111110001100010100100	110011011100100110001110100011000	21	21	24	287169968
111101001111000100111001000110000	111110101000110000111001101000100	19	19	23	289462320
110100101100101110110000111001000	111110010100100100111001001010100	17	17	24	242496472
110110001110100111001100001101000	110011110001101001001110011000100	19	19	24	282990512
110111010001100011010010111001000	111100110101001100001101001100100	19	19	24	277672360
111101001001001111000101001010100	110011101101100100011000111001000	20	20	24	287635080
111100011100001111101010100010000	111101010010011001010010110011000	17	17	23	268288216
111011001000111001100110001010100	111010100111000010111110001001000	16	16	24	219019224
111011001010011010011001001101000	111110010010100110110011000100100	16	16	20	245706272
111100001110100111010001010101000	101110111010000100110010110010100	18	18	22	271803392
110111000101001111001000110011000	111001001110011000111011000100100	17	17	22	263165488
110101110001100011110010011000100	111000111100011001010011001110000	17	17	20	273129736
111101111100010011001001000110000	111001100101100011010011010011000	19	20	22	279986376
111100010111001000111001001010100	101110011001110010001100111010000	18	18	22	269234504
111001110010101101010010100010100	101110001110101000110100111010000	19	20	23	279880104
111001101100101001011001001011000	111011010001100100101100111000100	18	18	24	278952664
110011110010100110001100111100000	111010010011101100100101001010100	16	16	22	244485912
111101001001101100011010001101000	110111010001001111001001010100100	17	17	23	252721808
111010110001101100110100001110000	111100011101000011100101010011000	18	18	22	271195072
111101010011001001101001101100000	111001101100001111000111100001000	18	18	24	275973416
111010010100111100010011010101000	111100111011001100100011100000100	20	21	23	288299256
110101110001001101100110010100100	111010001011011000111100001101000	19	19	24	285484736
111100011100011100010011011010000	110111100000110110001111000101000	15	15	22	177367456
110101001111010011001001011010000	101111001100010011001110101001000	19	19	23	285891760
111111100110001010000111100010000	110110010100111011010100010011000	21	21	22	286727840
110011111000110100100110010100100	111101110001000011101001101001000	19	19	23	288121392
111010011101001111010000101000100	111100111010000011100100110101000	21	21	23	287962384
110111100100100011010101001010100	111001110000111010010100111100000	18	18	23	274921176
110111001100011110101001000011000	110011001111001101001000110100100	19	19	21	284695304
110111100011001001111010100000100	111100011111000011010000111001000	19	19	22	288318936
111101111000010010010101001101000	111001111000011111000000111010000	18	18	23	276880624
111110101000101110000110100011000	110100110111000100111000110110000	20	20	23	285349688
111011100010111101010000010011000	111000111110010001110101000100100	19	19	22	275627976
111010101001100100110101100101000	111001001111000101100110001010100	17	17	23	258850936
111101001110001100100101001011000	111110010010010111000100110100100	15	15	23	192218352
101111001001100110100011001101000	111001001110110100010100110010100	19	19	24	282821304
111110010010010010111100011100000	110100111110010001100011100101000	16	16	23	205160432
111001110010001111010100011001000	111011000101101111000001100100100	19	19	23	284939696
111101001101010001100011100100100	111100100101110100011010001101000	18	18	22	274462096
111110100101001001101001001101000	110010111100100110001010110100100	18	18	23	267638792
110111100101000111000110101000100	111001100011101100010101001101000	21	21	24	286905600
111110100100111000010111010001000	111100111001100001001100110010100	16	16	23	220614456
111111010000001111010001010100100	110010110110011100001110001011000	17	17	22	254289720
110101111101101000010001100110000	111000110011101110000100110011000	20	21	24	285398768
101101011000110010111000110100100	111110000110100101100011100011000	19	19	22	281944464
111101110001100110001001001110000	110011011000110110011011001001000	20	20	22	285926384
111011010001110110010010100101000	111100101110000110011001010100100	20	20	23	287577488
110111000101101100011101000110000	111111101010100110000001010010100	18	18	22	280014872
111010110100011010010100101110000	111010011101000111011000100010100	19	19	23	283801920
110100101101110010011010100011000	111100100111001000111000111100000	16	16	21	205593544
111001100011110011010010011001000	111101001101100110000011111000000	20	20	24	286936064
110111100001110000101100110011000	111001111010000110110100100100100	21	21	24	286329992
110111011000001101111000101000100	111010011010100110001111010001000	17	17	21	222184600
111101001111000010011001001100100	111111001000110001110010010101000	18	18	24	285402688
111010101001001111000011101010000	111100111001001100111000001101000	19	19	24	285063776
111101010011001001111001011000000	111101101101100001001010010011000	18	18	23	282608352
111011010010100110111001000100100	110111110101011001000110001100000	16	16	22	218316824
110101010011101100101001010011000	111100100100110110001111000100100	18	18	23	287273824
110011001111000100110101100100100	101110010011111100000100111001000	18	18	22	271597744
111100110011001001001101100011000	101111001001111110011000000100100	20	20	22	285867328
111110100010100110011010001011000	111001110100010010111110011000000	18	18	22	260672392
111111100110010001001100100110000	101111000110111011000010010011000	20	20	24	287080368
110011001100111001010011010011000	111011100001100110001110011010000	20	21	24	287853656
111000111010110000111011001100000	101110011000110110100110100010100	19	19	23	269295208
110110100100110100111100100101000	111100011001100011110000111010000	19	19	23	283315712
110111010010011110100001001100100	111101001111001110001001001100000	19	20	24	287595424
111101001111101000010010011001000	111101101000101001110100001100100	17	17	22	276621344
101110011110001010011110000101000	111011010011011101000010010010100	19	19	22	290508000
111001001111000111001010010010100	110111100000111110001001100101000	18	18	22	279874688
111010110001100111010100011000100	111100011101001100001110010110000	21	21	24	287213360
101110010011011010011000111000100	110101001101101000111010100011000	15	15	21	202522496
111111100010001101000111000011000	110111010001010011101100010100100	19	19	23	285948736
101111000101101000111000101101000	111000110110001101110010010010100	18	19	24	266046896
101110010101001101111000010010100	110110100010111100010110100110000	19	19	24	289189024
110110010100111110100101100100000	111001110001001101101001001100100	19	19	21	289895032
111010010011110110101100001000100	101110110001010010110101001101000	19	19	21	275196736
110110101000111010110010011100000	111100010101110000111110010000100	20	20	21	289224736
110111100010010100110011101010000	110011110100110011010001010011000	18	19	22	275090424
111110001010100100110100111001000	110111101001000011011100100010100	16	16	23	220870968
111010011010110010010010110010100	111001101001010010101101100101000	18	18	24	265882880
111110110100100011000110011000100	111100010110111100010100001101000	21	22	25	285817496
111011100101010011001000110100100	111001110010011001101010100011000	21	21	24	286776752
110111001101010001001100110101000	111100110110000011110100010100100	16	16	22	182493064
101111000110101100010011010010100	111001001111100001100101001110000	16	16	20	211532472
111111001011000100010011110001000	111101001010100101100100110010100	16	16	24	212743376
111100101001111100000111001000100	110101001100111110000011001101000	19	20	22	289637440
111110000110101001010011100101000	111011101000100100110111000010100	18	18	23	282664592
110110011100100010101110100101000	110011100110001101011000111000100	18	18	24	254614880
111110110001001010101001100110000	111010111011101010001000001010100	18	19	22	280565528
101110011001001010111110001001000	111110101100001101001011011000000	17	18	22	232701136
111100101011000111000111000011000	110110101100010011101001001100100	18	18	23	288493960
111111000100100100111000111100000	110110001111000111010011010001000	18	18	23	271391864
111010011010001101011000111100000	111010101001110001100110001010100	16	16	22	231778432
110101001111000111100000111001000	111110010110010001110001001100100	18	18	21	285800472
111001111111000011100000110100000	101110011110010011011001000100100	21	21	22	289803224
101101100011010101101100010011000	111110100100111001100010010100100	17	17	21	241375312
110111000110001110010100101100100	111100101000111100101001010011000	19	19	24	285326864
111010001111001010100011010011000	111010101001101100010111000100100	19	19	23	284497528
111101000101111010010010010010100	111001010110100101010011001110000	17	17	21	251558816
111110001111000000111000110010100	111101010011001100100111000101000	18	18	23	276833512
111010011110100001110001001100100	111110110100010010011101001001000	20	20	24	288592736
111100011001110001001101001100100	111101100011010110001100101001000	18	18	24	281700976
110011111001001100100111000110000	111111010001010001101100010011000	19	19	24	288617904
110111101001000110100111000010100	111111000100101010010011010101000	21	21	24	286447024
110011001111110010110001000011000	111101110011000010101000111000100	19	19	23	285407600
111100011001001110110001001100100	111101010010011110001011001001000	21	22	24	287089320
111101001011000100110101001100100	111100101000111111000010011100000	18	18	22	272968776
111010011100010100110011001100100	111101101001000101001110010011000	16	16	24	243784136
110111000011011100010110001011000	111100110010100110100010110100100	20	20	24	285538472
110101001100110111110001100001000	111111000100100010111100001100100	18	18	23	261142512
111100100111000111100010101001000	111010101001010010111101000100100	19	20	25	287862568
110111001110001001111000100110000	111101010010100110010010110010100	20	20	23	288739304
111001100110010100110011101000100	111010101000111100100110100011000	17	17	23	266344576
111010111000011101011000110010000	111110000101001111000110011100000	17	17	22	257455184
111011010011000101001110100110000	111001011000111110000100110011000	17	17	21	255062712
111100010100111100010011001011000	111101100100111110001100100010000	19	21	22	288779496
111111000001010011001110100011000	101101001110110011000100111000100	16	16	22	197760304
110110100011110100011000110110000	111110011011000001001101101000100	20	20	23	286374776
111011010000111001011100100100100	111101000110001011110011000011000	15	15	24	156724624
111011100001110001011000101100100	111100111100001110000101100011000	19	19	24	284379040
111010011111100011000101000010100	111100110011000011011001001110000	18	18	22	279917624
111110111000011000011001001100100	101110110110001001111000010011000	18	18	21	262211128
111101001100011001010011110100000	111110010011000100111101000100100	17	17	22	277822440
111010001101001110001110011000100	111001101100011000110011001110000	19	19	24	281072640
111100110001110100100101110000100	101110001100111010001110001011000	18	18	23	268606536
111110010011001110001001110001000	111011001110010000110100101110000	19	20	23	289060032
111010011010011101001001100011000	111110010011010100100111000100100	18	18	24	287229096
111001101010011110010010110001000	110111000101001110011010010100100	22	22	23	288504664
111110100101101000010010111001000	110110100100111100100101001100100	19	19	23	266280824
101110101010010011110001101000100	111010011001001111000110001011000	19	19	23	286805888
110110101010100101110010001011000	111110011000101010011010110000100	19	19	23	285228752
111011000110100110001111010000100	101011111001100100101000110011000	19	19	23	286007760
111010010011010011100110010110000	111100101010011101001100010011000	18	18	22	270791224
111101011001001010011110010000100	111100011100010011100111000011000	16	16	23	224661856
111001011000111100011111001000000	111101100011000011110010011100000	17	17	22	260696752
111011000101001101110001100010100	111000111110010101001111000100000	17	17	22	246009032
101111000111001000110110100010100	111111100000100110101000111100000	20	20	24	284707288
111001101001001101010010101100100	111010110010011001110010010011000	17	17	24	264058040
110110001111001001111000001100100	111100011101010011100000110011000	17	17	23	269360432
110101001111010001110001001100100	101100111001110101100000110011000	18	18	23	283365744
111001111011100000101000110010100	111011000110010110001101001110000	20	20	24	286339200
101111011001001110000011001101000	111100010110100010110100111100000	19	21	24	276718024
111001011011001000110101001101000	111101010001101010100101010010100	19	19	23	282434768
110111010011100100101100010101000	111100011100100111010010011000100	19	19	21	286268128
110101100011011111001000001101000	111111000101100010011000110010100	19	20	24	281848136
111101100011100001011100001110000	111110010100101101000111000011000	19	20	23	286422616
111101110001001000111010101000100	110101100011110001110010001011000	17	17	23	213717928
111101001010011010011100101100000	111011101000100111010010001101000	19	19	23	283776040
111100101001101001001110010011000	111010100110001100111001001110000	18	18	24	284392704
111001110100111000101001010101000	111101000101011010010100110010100	18	18	21	286956720
111010011000111001100011011001000	101110100110110110100001001100100	19	19	23	276090080
111101000101011110100001001100100	110011110001001101001011010011000	18	18	23	263319616
101110100110010110001101110001000	111111100011001000100110001100100	18	18	20	267234096
101101001101100110010011010011000	110100111111010010101000100110000	17	17	22	267253024
111011010010100100110100101100100	111100010010111100010110100011000	18	18	24	262901400
111001110001111001100010101100000	111010011010011001101010001100100	22	22	24	286636168
111100100111010001101001101001000	101101011010010011110011000100100	18	18	19	281487000
111100101000111101000101001110000	111010001111001001110100101000100	18	18	23	279297616
111001110000111011101000010110000	111111010010110000101001010010100	19	19	24	279445216
110111101010000110010100110100100	111100010110001101100011101001000	19	19	22	284980840
110011011110010101000011001110000	110101100011100111011001000011000	20	20	22	285793416
101011100011110101001110100100000	111110001111000010111000001100100	20	20	23	286045936
111110011100010011110000011100000	111101001110001100110010100100100	17	17	23	283196792
110100111110001011100001001100100	111100100100111000101110110100000	17	18	23	263206592
110011101100101001001110010100100	111101100111010001000110100011000	16	16	22	230941488
111101001100001110110011010010000	111001100111001010010100111001000	20	20	22	284850488
101111001001011000101111000010100	110011110010001111001100100101000	18	19	23	277202752
110101100100111001010111010000100	110101010011001101100011010011000	17	18	23	260942016
111100110010110001110001011010000	111010011000110100111011000010100	22	23	23	287932024
111101001011000010111010010100100	111100110110001011010001100011000	20	20	24	283034816
111101010110100101001010010100100	101111101000100010110110111000000	18	18	21	276177152
111011000110001110001101100011000	111001101100010011110101000110000	20	20	23	285790528
111111000000110111000110010011000	110111010001011001001101100110000	16	16	20	227396672
110011101010010110100011100100100	111010011001010100101100111100000	17	17	24	270656808
111010100110011001100011101100000	110011011001100100111100010110000	18	18	22	280686304
111110010010101011000011001011000	111011110010001100011100101000100	18	19	23	268244464
111100111100001001010011011001000	110111000100111101001101000010100	18	18	21	273868064
111001100101100110001110010100100	111110100110000101100011100101000	18	18	21	287568520
111110100001001111110001100001000	101111011001100110001001101010000	21	22	22	288790152
101111010101010011000111010000100	110101001101011001001100111001000	16	16	19	237967504
111101111000110010010010100011000	111001010011001111110001000100100	20	21	23	283964472
101110011010010011101001010011000	111001001011100101001101001110000	19	20	23	287524000
111100100111100010110101000011000	111011001001101110001000101110000	20	20	24	287742416
111100101101100010001110001101000	111011101010000110110100011100000	20	21	23	283643848
111001001111010011000011100100100	111010011100001011111100001001000	18	18	23	280191600
111101010100011100100101100100100	110110011010100100111100001101000	18	18	22	281433576
110111010010011010011110001000100	111111000111000010110011000110000	19	20	24	286174576
111111001101000010010011010101000	111101000110010011110001001100100	16	16	23	211085936
111110001010100011011101000010100	110101100100111110010000111001000	17	17	21	230786144
111001100011100111011000011000100	110110110110001000101110001101000	22	22	24	286239624
111110010001100011101010010100100	111010011000111100110011010001000	17	17	22	260350856
110110010011110100100101001110000	111111000011100011000100111000100	17	17	23	271882736
111101011000011010011001100010100	111000101110100111011001100001000	19	19	23	280551520
110100111110010010100011010011000	111100110010011000101110010100100	19	19	23	286157216
111110110100011101001000010010100	111111000010100111110000001110000	15	15	22	170143000
111110010011000110101000111000100	111011100100101001001110111000000	19	20	24	285793536
111001110101000011001101110100000	111111010010010011001100001110000	21	21	25	286103888
111011110010011001001100001101000	110110100100111001100011110010000	18	18	23	263106144
101111010011001000101101011100000	111100101001110101100001001101000	21	21	24	285955008
111110001000101100110100101110000	110111010001111010000011100011000	19	19	23	278587368
111100101001100100110110100101000	111010010110010011010110010010100	16	16	24	226048112
111101001010100110011100011100000	111010111010001010100110001100100	19	20	22	287272600
111110011100100010011001100011000	101111110001101000110010010100100	20	20	24	286286960
111011000100101111000101010011000	111000111010110000111100010100100	19	20	24	278778976
111001101000110110001011110010000	111101000101001011111000011000100	16	16	24	196193496
111001101000111010011001110000100	111110110000110110010000110110000	19	19	23	284230240
111001111010001001101011000110000	110101001110110000111000110011000	18	18	24	271378896
111101001001010011110100001101000	111001110001100101001100111010000	15	15	22	187885656
110110010100111001111001100001000	111000111010100110011000111100000	17	17	22	251679544
111101100101001010110100010110000	111001111001110100100001110000100	21	21	24	286908936
101101100100110110100011110000100	111100001011010011011100001101000	18	18	23	271840432
110100111100100110111000011000100	110101001110010100111001001011000	19	19	24	286779352
111101010001101010001110001100100	111110001100010011100011101001000	18	18	24	270841536
111011000011110010010101100010100	110101101010011000111100001101000	17	17	19	249295672
110010111101010010100110001101000	111110100000111001010011110010000	19	19	23	284092368
111110011000110001010011010100100	111011000110011000110110001011000	17	17	24	258354904
101101101010100111000111000100100	111101100010101001110001011100000	20	20	23	290666776
111110010011000111000100110100100	111010011110010100100111010001000	20	20	23	286938752
111101001001110010101000110010100	111110010010001111110001000101000	16	16	21	228338928
110111010001100100111101001010000	101101110100010011110001001011000	19	19	22	286846336
101111000101110001001101011100000	111100111010110001001010100110000	19	19	23	279336368
111100011000111101001001001010100	111101110001010000111110100010000	16	16	21	240351384
111011000101010011111100010010000	111110010111001001000111001000100	18	19	20	293267896
111001001011111000011011001001000	111111101001000101001001001100100	19	19	23	278764072
111101000110100010110011010011000	111101011001001101100010001100100	21	23	24	285925232
110111000110011001010101001110000	111100101000111010010011010010100	17	17	19	292371440
110111100100011000111100100100100	111001101011000101001111000101000	20	20	22	287257112
110100111011110010000110011000100	111110010001111001000011100011000	19	19	24	282988072
101110100111100101001101000110000	111100011101011000011001100010100	20	20	22	288077880
111100011110100000111000110100100	110101001011111010001101100001000	19	19	22	281376032
111010011001010110010011100100100	110101001111000110110010011001000	19	19	21	290738304
111001100101001101110110001000100	110111000100111011100010100101000	20	20	21	286283016
111111010001010011001001011001000	111001100100111001011010001110000	18	18	24	281479608
111100110001001101001111001100000	110110001100111001011100001100100	18	18	24	260225512
101101100011011100001110100100100	110110010101001101111000101001000	19	19	23	285095008
110110100011001011001011110000100	111000111100101110100010010101000	20	21	24	287159632
110110110010011010011001001110000	110100111001010011110011001100000	19	19	22	290317392
111010100110001101001101001101000	111101001010111000011000110010100	18	18	24	274163376
101111000011011001001101100100100	111001001111110001001100001011000	19	19	21	280791496
110101101010110001100011011010000	111100100100111110110001100000100	20	20	23	288339656
111101100101001100111000001011000	111010101001110110100100011000100	16	16	22	199005560
110101001101110010010110001101000	111000110100101110110001111000000	18	19	23	275614656
101101111100100010011011000011000	110111000011110001001010101100100	19	19	24	285513672
111100111100010110001100010110000	110111001001110011100011000011000	19	19	23	285294744
111011101001001011100010011000100	111100011111101010000001001101000	19	20	23	287234832
111010001101010011001101100101000	111001111000101010011001010010100	19	19	23	280556664
111011001100011100001101110100000	111100001111000101010011001110000	17	17	21	224277448
110101110101001100010100111001000	111100001110100011011001001100100	20	20	22	289136632
111111001110010100010011100000100	110110101010011000111000111001000	18	18	24	265170680
110100111011000011001110100101000	111100100011100100111100011010000	18	18	24	262268296
110100111010001110100110001101000	110101001101110001101000111000100	18	19	23	276270352
110101110100100110010011100110000	110111010010101001001101101000100	17	17	20	277140744
111011100101001011001001001010100	111111000110011010010011001001000	19	19	24	285230848
111001101001011001010011100110000	110110100011100110110010001011000	16	16	21	252667224
111110001001111000100011100110000	111111011000100011100100010010100	18	18	23	281920872
111111000101010010100101010110000	111010101100101001010110001011000	15	15	22	205436568
111001100011001110100101100101000	111101001111000101001000111010000	19	19	24	281962920
111001100100110011101001110001000	111010011010110001100100101010100	18	18	21	272580864
111101000111100001001011110001000	111100110110000111110001000100100	19	19	22	281963728
101110001110001101010110101001000	111000110011011101000011001100100	19	20	25	276968896
111101011000010011001110010010100	110101010110001101111010011000000	16	16	22	215567008
110011011001010111100010110000100	111110101000011100110000101110000	20	20	23	287522616
111110001110001010001110011000100	111010111000011110010100100011000	18	18	21	273658760
111011010101000110001100110011000	111101001001010011110110000110000	18	18	23	265244176
110111001100110101001100100101000	111001110001001101100110010010100	21	21	24	287501496
111100001101011000110101010100100	110110010101110001011101000011000	15	15	21	185069992
110100111100110001010101001010100	111001001111000100101101011100000	19	19	24	288988328
111100110100110001100101001010100	110100110100111100011001011010000	20	20	24	286839696
110110010111101001001100001110000	110110101100001011100011010010100	20	20	23	288032112
111111100011000001100011011010000	111011010001011001010100101101000	16	16	21	201386704
111111010011100000010010110010100	111100100110101001110001001110000	16	16	23	204297440
111011100100011101001010001100100	111101010011100100110001100011000	17	17	23	254375784
101111000110011110100001001100100	111000111001110100100100110101000	18	18	23	279300440
111010001100110100101110100010100	110011110110001010111010000101000	18	20	23	265000224
111110001001101001010011001110000	101111100010001111001010010011000	20	20	24	287415608
111110110011001001001001001010100	110011100111000011110010011001000	20	20	24	285611216
111101001010001111011010010100000	111010100111010001001110001101000	18	18	23	269353272
111101111001100001001100110000100	101011011101010000111010001110000	16	16	20	188518464
111001100101011001010100111001000	111010010011110011100010100010100	17	17	19	295122288
110110001011010110100011011001000	111111000101010110001011000100100	21	22	24	286421896
111101001001100011111000101100000	110011100111000110001101100101000	19	19	23	282027848
111110100011011100001010110100000	110011011000111011010001001110000	22	23	24	286637112
101110010110110010010111000100100	110110111000101001110001001101000	18	18	22	282125296
111010011100110001101101001100000	111011010001110101010001100010100	20	20	22	286202360
111110010001111101000000111001000	110111000110001110110100100010100	18	18	24	280535840
111001101000111001100100110101000	111010001101110010010011100100100	21	21	24	286617664
101111110001100010011100100100100	110011101100010011100011101001000	19	19	24	287233880
101110001111100111100000100110000	111001010011111000010110010011000	19	21	22	288057200
110110001110101100001100110011000	111110011100001010100101001100100	16	16	22	211298256
111111000100001111010011100001000	111110101001010100011000101100100	18	19	25	278159504
110100111101001001111000110001000	110011101001111100100100010010100	17	17	23	264597472
111111001111001001010001000110000	111010010011111000100010110010100	19	21	23	278119448
111111001001100001100101110001000	110100111100001110011010001110000	18	18	24	262088272
111101001000111100001100111001000	111100100101001101111000100100100	18	18	25	270943152
110101001111110000001100101011000	111100011100010011101001010100100	17	17	21	279186712
111100001011111100010010010110000	101101101101001000110101100011000	22	22	24	286952296
111110010100111001010011100001000	111101100010101001011100010100100	18	18	23	288527824
110110001011111001011000110100000	111000111101001101000111000101000	20	21	24	284056056
111010100101100011010011101100000	111110001111000011110000001011000	19	19	24	282337352
111011000011101100010110001100100	111001111000001111000101010011000	17	17	24	247849808
111101100010011110001001100011000	111100101001100110110000101110000	18	18	24	284928440
111101011001010011001010101001000	111000111001101111001000100100100	21	22	23	290592760
111011101001010010001100101100100	111001101101000101111010000011000	19	21	23	277486920
111110011001001100100111100010000	101111111000010011100100010011000	20	20	23	288556304
111001011100101110000111100100000	101110011110110000010011100011000	18	18	22	274459712
111001111001001010011001001110000	111011000101110000110100110011000	15	15	20	218875816
111111000110001100110110010000100	111011101001010001100100110011000	19	19	23	276447792
111001100110001111010000111001000	101110011001101000101011001010100	19	19	23	285223376
111110101001110011000011110000000	111100010011011101010001110100000	17	17	21	270284320
111011001100011110100001001110000	101011101101010001001111000010100	18	18	23	281790520
110111111101000000100011100101000	111110001010100111100110000100100	19	20	21	286865656
111101001101000111000110001100100	111101010001110001011000111001000	18	18	22	280758408
110111010011100010001111100010000	111100011001111010010001100011000	20	20	21	289036400
111111001001010100011100111000000	111101001001110010100110001011000	19	19	24	281365360
111101001010100100110110101000100	111001001100111010101011000011000	18	18	24	254410968
111100011111001000011101000101000	101101111000101101001000110010100	20	20	23	287647432
111101000011100111000110011000100	111001110000111011011000010101000	16	16	24	221778816
111011101010001010011011000101000	110011110010110001011000111010000	18	18	22	266090296
111010011000111100100011101010000	110101001111000100111000110010100	16	16	23	225509632
111010011010001111010000111010000	101110110100010010110011010010100	17	17	24	241261424
101111001011000111100001001100100	111111001001010111000011100100000	19	19	22	287993456
111001101001001011001100111000100	101111000111100100011101010001000	22	22	25	286270720
111010101101000110011101010000100	110011110011010001100100110011000	19	19	22	281708880
111111001000111000010111011000000	111010010100111100111001000011000	19	20	23	280976712
111001111001001100100110001010100	110111100001001110011100010101000	20	20	24	287204600
101110101001100111110000100010100	111101000111100001110010010110000	21	22	23	288241080
111111000101001100110001100011000	101111000111101001001000111010000	19	20	23	288029472
101111000101011001001111000100100	111111001010001010011110001001000	19	19	21	291172824
111101001001101001001111000100100	111001110001001011011000101101000	16	16	23	225919744
110011011010110000111010100011000	111010110010011010010100110100100	19	19	22	280188776
111100101001100100111010101001000	110101100100111101010010100100100	18	18	22	283888496
110011110100110010100011100110000	111110101001100010011001011000100	18	18	24	270526080
111010010100111111000100011000100	111001110001100010101101001101000	19	19	21	290606600
111001100100111001001101101000100	111101100110010011100010001011000	20	21	23	286399368
111101010011000110011001010011000	111001011011101010010001011010000	18	19	22	286913520
101101010011011111000011010100000	111010011010100100110100101011000	20	20	24	285860456
101111011000110011000011001100100	111100010100111100011001010011000	19	19	23	282737568
111000111001110011100001011010000	110110101010011100010011001101000	17	17	21	240255936
111101010011001001101001001100100	111100011000101100110100110011000	17	17	25	257983480
111110100100111001010100011010000	101110111000001111001010001010100	18	18	23	268526328
101111101000100111011000100100100	111001010100111110010101000101000	18	18	21	281599448
110110101100011010001100101011000	110110100011011001100011010100100	17	17	23	248628040
110011111001001100001100110011000	111011000101001101100011001100100	18	18	24	278695160
110011110100011101010010110000100	111010100101100100111100001110000	19	19	22	284080512
111110100110000111001001001100100	110101001110010011001100110011000	19	19	24	280426568
111111110000100101000101011000100	101110101100001110100101001011000	18	19	24	273170312
111011110000001101110001101000100	111001110100100100111000101101000	19	19	24	270612520
111111001010000111000011010011000	111101000110010011110010011010000	17	17	23	256925104
111100010110001010111011100001000	111010100011110001010011001100100	17	18	25	223388264
110100110010111011101000100101000	111001100111001010001100101100100	19	19	23	272534064
111001111110000010011110000011000	111010011000111001100101100110000	18	19	23	292477360
110111000111100001101001001100100	111100101001110001100100110011000	17	17	23	278613344
111110010001100100110110100010100	110111000110010011110001011001000	18	18	22	270537720
111010001101001101101010001101000	101110101001011010010101010010100	19	20	21	268857192
111011001010011100100101010010100	111010100011100100111001010101000	18	18	23	286161552
110111110001000101001100111001000	111100011100101010010101001010100	18	18	23	274363928
111010001110100111010011100010000	111110010100001110011001100011000	16	16	21	217417360
110011101100101110000110100110000	111110100110100011001001011000100	19	19	24	285298720
111011100010011101000101100100100	110101010011110010101100010011000	19	19	22	287676064
101101011100011000110100111100000	111100100111000110101100100100100	19	19	22	286825328
110111010001001110011000111000100	111001101100011001001110111000000	19	19	23	286756080
111101001110100000111001010011000	111100100110100101100011100100100	16	16	21	214374168
111110100100101000110011001100100	111100100100111010001110010011000	16	16	24	220138264
110111000011100011001110011010000	111001011100101100011001101001000	18	18	22	259970688
111010110001100110010110010011000	111101001100010011100011111000000	17	17	21	279904528
110111010100010100111000111000100	111110010011001001100101110010000	19	19	23	284698560
111100111011000100011101000011000	111011101100000101010011011000100	18	18	24	271062056
111110001100001110100011100101000	111101100011100101100110000010100	18	18	24	264629056
101111001001100011001101010011000	111100010100111100011001001110000	18	18	23	279568312
110101001011011001001101101001000	111010011100111000010100110100100	18	18	23	264043896
110101111000010011101001101000100	111100011001010111001010001011000	19	21	23	286139544
110011101100011011001001100110000	110110100111001100001100110011000	19	19	23	285926216
111010001100111100110010011000100	111001101100001110011000110110000	16	16	21	225158432
111100110100100111111000001001000	111101110000111010001100100100100	17	17	21	287286960
111001100100111110110000100010100	111110100001110110000100110101000	17	17	20	270701552
111101001001110100100100101010100	110011001111100011100001101010000	20	20	24	286579096
111010011110011111000100001010000	101111110100001100011100110000100	19	19	23	285120528
111001010100111100011001001100100	111011001001110011000110011001000	20	20	22	290292784
111011111100000010011000110110000	111001111001001110101001010000100	21	21	24	288461936
111100111011000010100101001011000	111110100010101001101110000110000	17	17	22	250604816
110110110010001111111000000101000	111101110000110100001110011000100	18	18	21	289278232
111010001111010000110101011010000	101111010010011101010011001000100	19	19	22	269569168
101111101100010110000111000011000	111001010111100001110001001110000	19	19	20	284065832
111101100001100110110001100100100	101101101001101000110100111001000	21	21	23	286849328
111010001110111010010011000100100	110110100101001111000011001101000	16	16	22	202850576
111101001010010110101100001011000	110101001011001011001111101000000	18	19	24	247996208
111011001001110011001100011000100	111001111010100100110000101011000	18	19	22	284567328
111011001110001100011010011010000	111100001111000110001101100010100	19	19	23	284313080
111010010111001010010100110010100	111111010100010110010100110001000	16	16	23	242431440
111110100101001100100100110100100	111001101010111000010011111000000	17	17	22	264650184
111100001100111001001101010100100	111011001001001101010011001101000	17	17	24	259418336
111110100001111000010011101000100	110011110010011010001111000110000	20	20	24	287580392
111001001111100011000100110010100	101111000011011110010100001110000	18	18	22	283029768
110011111100010110010010101001000	110100110011111000011111100000000	16	16	22	257736992
110011100110011000101110110100000	111101001100110001111100001010000	18	18	21	264741616
110111001100100110010011110000100	111100101010011000110100110011000	17	17	22	274538968
111011110011010000100110101001000	111100100110111100100000110100100	21	22	24	286447760
111001101001110100010011100100100	101101100100111101100010001101000	18	18	22	278952048
110110101001001100111010010011000	111100001110010111111010000000100	17	17	19	246328464
101110001101001101100011100011000	110011111000101001101100011010000	19	19	23	286246272
111100101000111111000010011000100	111010100110110001101000110101000	17	17	21	271718880
111000111100010011011100010011000	111101011000111000100111000100100	18	18	23	278337584
110110100110101000110101001100100	111100001111010010110001101001000	18	18	21	271523000
110011110000111100100101001101000	101110011111110000001110000010100	17	17	22	257788824
111100111100000110001110001110000	111011100001011010101001110000100	18	18	23	277153312
110100111001001111101000010010100	101101110011000100111000101110000	16	16	20	227780880
111001100100101101001110010100100	111010010011111100001100001011000	18	18	22	274732160
111010111000100111010011000101000	111111000110110000010011100100100	18	18	21	285171488
111111011000011100001010001101000	111001100100111001010011010100100	18	18	24	253336432
110111000011101110010100011100000	111001001100111010001100101100100	15	15	23	155745152
110011111000100111100101001000100	101111001100011100011100100101000	19	20	24	286839968
110011110011000100111001111000000	110110010101111010011000001110000	20	20	21	286718728
110111100110100010010011010100100	110011011001010011010101001011000	18	18	24	255207088
111010100101100011110100001100100	111000111100110110100011001100000	19	19	23	287898152
111011111000010101001011000101000	111111100000011100110001100100100	18	19	23	283314176
111101010010100101110001101001000	111010011000111001101100001010100	19	19	24	279631944
111110010011000101101100100110000	111101001001110010001010111000100	19	20	25	283142360
110111001110010010001100110011000	110110110010011001010011001110000	17	17	23	245303624
111001111100100101000011010010100	111011001100111010000110100101000	17	17	23	252430840
111110110100001110010100001110000	111000111001100101001100110010100	18	19	24	245157320
101111010100111101000000111000100	111110100101100001100110001011000	20	20	23	287429392
110011110010100101011110100000100	111011111100010001001001101001000	18	18	23	268651456
111110010001110000110011100010100	111011101010000011110000111001000	15	15	23	181618512
111000110111101100001010110000100	101101110000110011110011000011000	18	18	23	241262072
111010101010011000111010011010000	111100111000110001001110110001000	16	16	23	227724496
111010010110010110010011101001000	111100110001101001001100110110000	18	18	21	290129992
111101000111011100001011000011000	101101101010011010001101010100100	19	19	23	282032512
111011010010011110010000110100100	111101101010010101000011010011000	15	15	22	198969720
111001110101100100110011000011000	101111110010010010011110011000000	20	21	24	287240840
111101001011100010001101010010100	101111010001110110010001010110000	21	21	24	286242760
111100111000111001001111001000000	111101100001010011010100110100100	16	16	23	226116600
111001010011010010110101110000100	111011001010010101001110001101000	18	18	22	263880440
110101111000001110111011100000000	111111000011011001000100101100100	19	19	22	279185704
101111000110100110001110100101000	111001111110001010010001110100000	17	17	22	254683872
111110101100010100111000100011000	111011000111010011000110011000100	19	19	24	285196608
111110001100101100011100110001000	111010100110001011011010001100100	19	19	21	287887864
110011110010110001110010101001000	110110010100111001010010110100100	18	18	22	285032584
111111110010010001011010010000100	111010101001100101001110011001000	18	18	23	269382728
110111000011100011100111100010000	110011110001011110001100100011000	18	18	23	268561296
111001100100110011101001110000100	110111001001100101100100101101000	20	21	23	286080264
110101001110100111000100110110000	110011010011101001001011100010100	17	19	24	260403504
101111010011100100110001101001000	111000111100100011101010100110000	18	19	22	284602680
111001101110010011010011001001000	110110100110001110110110000110000	17	17	20	271358408
111110010011001000111010011000100	111111101001001001101000100101000	20	21	26	285883224
110100111101000111000011100010100	111111010100010100110000110110000	18	18	23	285000088
110110011110100010001111100010000	111111001001010100110000111001000	18	18	21	284144392
110110100100110111101000101001000	110110010011100101101000101100100	17	17	24	248838472
111101000111001110000100110100100	110101011001001011110001001011000	19	19	24	280020024
110101010011111100010001101010000	110101001111100011000101001101000	16	16	20	255831696
111101100010110100100011110001000	111001101100011011110000010100100	21	21	24	286539712
111110100110000110001101001110000	101110100101101111000100010011000	21	21	24	286231432
110110111100100001011010001101000	111111000100011100100011110000100	20	20	23	284565896
111111001010011010000100111000100	111010011010100111100001001011000	17	17	23	261235400
111101010010100111010110001000100	111010010101010101001101001011000	18	18	21	271528616
110111101000111000101100011000100	111111110001011100000010010101000	17	17	21	260363096
111100101101000101101110001000100	110100111010110010100110100011000	19	20	23	269816920
110100110111000011110000111001000	110011101001001100111100100110000	17	18	24	254282240
101111001010101001001111000010100	111110101010010000111100011001000	17	17	23	263868520
111100010101111101011000010010000	111011101001100000111000111001000	23	23	24	286267736
111101001010100011101001001011000	110011110010011100001100111010000	20	20	25	285719440
111000111011110100101000011010000	110101110101000010101010110011000	19	19	24	271584680
101111001000110110001110001100100	111111100001100011101100000011000	18	18	23	267610472
111001111110000010010011001110000	110111100011011001010001010010100	16	16	22	237173216
111110111001000110001001001101000	111001001110100100111010011000100	19	19	22	274116624
110111000101010100111010001011000	110011111010001100100010111010000	19	19	21	289729432
110101001101101001001110100100100	111000110011100100111010010011000	16	16	23	230365248
111101001001101100100011001101000	111001100111000010111001011000100	19	19	24	278312192
111110110000110001111010000100100	111000111111000010100110010011000	18	18	22	270399480
111101001100011100110010010011000	111001111100010010011001001110000	19	19	23	287295000
111011100001100110001100101010100	111111110000110010010100100110000	18	18	25	277880504
111110010101000100111100100110000	110110001110110001110010001011000	19	19	23	285951528
111101110100001000110100101101000	110100110111000111110000011000100	20	21	24	282836520
110011001110011111000100101000100	110111100100100110001110100011000	20	21	24	286562712
111110011010100010100110001010100	110101100011110110001001101100000	21	22	23	286667888
101111110010000011100011101100000	111110000011100110001101001100100	16	16	24	193551056
101101001101011100101000101101000	111110100011000101001110010010100	17	17	23	224361864
111101010001010011011000111001000	111110001100100101001101100100100	17	17	24	249402800
110110110111100010000110110001000	111110011000100111000100110100100	20	21	24	283628368
111001101100100101001110101000100	111010010100111001101001001101000	19	19	23	286883728
111110101010010001001110011000100	111101000110011011001001001101000	20	20	24	286270984
111010010100111110000010110011000	111100110001110011000110110000100	18	18	22	285204656
101011001111110010000011110100000	111011100110000101001110001110000	19	19	23	287680832
110101001011110110011011000010000	101110010101001110001101101100000	20	21	23	280758448
101110001101111001101000001100100	111110011001100110001001010011000	21	21	24	285978232
101101110001101000111001100100100	111010011001001110100110001101000	19	19	24	285303280
111101000111010011100001100010100	110101100100111000110100101110000	20	20	23	286399112
111110100010110011001011000100100	111010101001110100100010110101000	18	18	21	277488120
111100111100100110100010100101000	111010011000111110011000101000100	17	17	19	265037160
111010011001011001001011100101000	111111001001000110011100101000100	19	20	24	284397600
111100101110010001100010110100100	111110111000100010011110011000000	19	20	24	278250304
110111100001101101001001100011000	111000101111100100111000011000100	18	18	23	272444896
110010111001001011100100110011000	111010100111000111010100001110000	16	16	23	241885168
111011100010011101001100100010100	110111011011000001101010011001000	18	18	22	277871488
111011001110000110001010110100100	110011111000110001101001010011000	19	19	24	277286296
111100110000111101001100001110000	111111011010110001001100100000100	15	15	21	162880112
110111100110001010010100110011000	110011110000111011011000010100100	17	17	21	244162320
101110011000110101010110001101000	110011111100011001001011010100000	19	19	23	285786224
111110100001001101010011001101000	111001101000111001100100110100100	16	16	25	213412160
111101000110111010001100100100100	110011100110001101100111000011000	19	19	24	277681384
110111001001101100010100111000100	111100001110010101001101100011000	18	18	22	282876768
111101001100010100111100001100100	111010110001001011100110011001000	17	17	23	270168776
101110011110110001001000110101000	111100011100010011110010010100100	17	17	21	226325760
111001100101011100101001010011000	110111001001100100110101001100100	19	19	21	290545032
111001001111010010010100101011000	110100110100111001001011101100000	18	19	23	281035032
101110100110001111010001010011000	111111100101000111000100110010000	19	20	23	285995040
111101010011100010011100001110000	111001011001010010111010111000000	16	16	21	235144960
110011011101101000010100101100100	101110101000111011011001010001000	22	25	24	286761400
111111100001010011000100111001000	111011001011001001101100001110000	16	16	23	233733168
111110110011100010000111001001000	110011111000001110001011001110000	18	19	24	257090080
111101110011100011000100101000100	111100110010100101001111001010000	20	20	23	284840832
111001111001100011001001110100000	111011000011100011110001001110000	19	19	22	287153032
110011011111000110001001100010100	111011100001001110001011010110000	20	20	24	286523648
111110010011001001100110100011000	111110100100100110010100101100100	18	19	25	283229424
111100001110010110011001001010100	110110011110010001100010111100000	18	19	23	279811160
111010011100010011011001100100100	111100100110001110010110010011000	18	18	24	277804848
110011101100001011100110010100100	111111010100110001001001010011000	19	20	25	278649616
111101101001001001001110001011000	111011011010010011001001010100100	19	20	25	280728976
111000101110010101001100111010000	111101010010110001101100101000100	19	19	23	285793616
101110011100010101010100111010000	111101010010101001101100100010100	19	19	20	294746032
110011100111001010100010110011000	110111000011100011101001001100100	18	18	24	274305320
111111001001001010011011100000100	110100111111100100010001001101000	20	20	21	286314784
111100110010011100010101010011000	111101000011001110010010110100100	17	17	22	276867656
101011111110100100100001010100100	111100001111001100011100001101000	19	19	22	288206240
110011010100111111000010001100100	110110010011010111001100100011000	17	17	20	286732136
110110011001001111010001101010000	111101010011001100001111001000100	18	18	22	283658056
111100100110010011011001001100100	110100110101001101010100110101000	16	16	24	219551184
111100100100111110000011010011000	110110011001001011110010100100100	19	20	23	287185496
110111100001110000101110010011000	110011101000111110010000110100100	17	17	24	247947160
111100111010000100110011100101000	111011010010011111000010001100100	17	17	21	233720760
111001001111001001011000111000100	111111010011100001010001001011000	19	19	24	288485480
111010100110001100111100011001000	111011100110001110010001001110000	19	20	24	283471256
110110010111000011101001001100100	111110010100100101001100111100000	18	18	22	280011384
101110011011000110010011100100100	111001111100010001011101001100000	19	19	23	287017584
111001100110010101001011011010000	111011110000011010011110100001000	18	20	22	266621128
111101001001001111001010010101000	111100100110010011001101001100100	18	18	24	279725480
101111001001001101101111000001000	111100110110100011010011001000100	17	17	22	216644584
111110001110100011000110100010100	111011001001111000011100001110000	16	16	22	225915832
110011011001001110101001100100100	110110100111000100110101011001000	18	18	22	285148032
111100101111000010110010010100100	111110100001100110010011110100000	17	17	22	272372440
111010110110110001000110100011000	111100111100001110010010001100100	17	17	22	230823728
111011000011111101001010010100000	110011110010010111000111000100100	20	21	23	288523416
110110010101100011110001100010100	111001100011011000111000111010000	18	18	20	288340960
110100101101011101000100111010000	110011110011101000010101001101000	18	18	23	266660456
111001110110011001110000101010000	111110101001100000101101010011000	20	20	24	286812936
111001101101100010011000110100100	111010100011111001010011100100000	19	19	23	282467664
111100111010010011000110110000100	110101110010010011101000101101000	19	20	23	282796704
110111010101010010001110010011000	110011100011101001011001001110000	20	21	23	286530240
111011111001001100011000011000100	111001100111001010010011001110000	19	19	22	281972848
101111000110011101001100011001000	111100100011111000101010100100100	20	20	24	286332816
111110110000011000110110001100100	111100010110011101100010110001000	18	18	23	253811272
111101100110001011010000101101000	111111000011000111001011000100100	17	17	23	219976328
110110011001010010111100111000000	111110011001000101001010110101000	18	19	23	266595376
111111010010001100101001001100100	111010111000100011110010010101000	17	17	23	264122408
111010111000010100101110001100100	111001011100100011111011000001000	19	19	22	279604016
101101001110001101001110010100100	111010011000111110100100011001000	18	18	22	279039424
111010011100011000111001110000100	110011011011000111001010001110000	17	17	22	256011224
101111010100110010001111000010100	110100111011100100101001001110000	19	19	24	286812368
111011001001001110100111001000100	111001100110101110000011110010000	19	19	22	283915120
111011110011000101101001001000100	110101001111110100010100101010000	19	19	21	281109656
111111000001001110001111100100000	110111110010100100111000001100100	20	20	23	288045824
111100001110111000001101110010000	110111100010001110101101001000100	21	21	24	285636432
111001100011100110001110011100000	111011001110000110101001100010100	19	19	22	283141400
111110110001100010010100110100100	111001010011110010111000010011000	16	16	21	212400624
101110001101010111001001100011000	110110110010010011110001010100100	17	17	23	261539536
110011101010011001101010011001000	111010011100100011001110100100100	18	18	23	285366128
111110010010011110000100110011000	111011110010000101111000010100100	17	17	23	269342976
101110011101000011001101001100100	111110011100010011110011010000000	19	19	22	284176080
111111001001100010100101100011000	110110011000110111001100010110000	20	20	24	286754720
110100111100100111100001011000100	111100100111001001010011001101000	18	18	22	286316048
111001010011100110010011001100100	111011000110011100001110010011000	19	19	24	287927208
111001110010011001001111000101000	111101100100111000101001010010100	18	18	22	288725920
111001011110010010011101000100100	111010001110010011100010111001000	21	21	24	287700856
111100100111001010110000101010100	101111001110000111001010100101000	21	21	24	287353320
111010100110110000111010011000100	111110001010011010010011100110000	17	17	22	254034856
111011010011001001100100110010100	111011001001001110011001100110000	20	21	24	287227728
110101110001010111100100010011000	111101001110100001001011001100100	21	21	21	289416424
111110101000110011010001110001000	111001110100110100101100010100100	18	18	23	280272072
111010100011001101001101110001000	111010011101000110010011011000100	17	17	21	233960912
111101010101001000110011100110000	111011000101101010001111000010100	17	17	23	234906384
111100001110100011111010001010000	111011010010010110100010101010100	16	16	23	205003544
111011010101000110011100001100100	101110001011101001110000111001000	20	22	24	285842400
111110011110000010001100101101000	110100111001011100100011010010100	19	20	25	275334128
111010010011110011111000011000000	101110110010001011111010000100100	18	18	22	270634584
111110001001111000110101001000100	101111010011001010010011111000000	21	21	23	286989120
101101001111000011011000110100100	110011101001110001100011001101000	16	16	24	227503328
111100111101000001001101001101000	111010001111001101000100110010100	18	18	23	261076592
111100011001001110001110110100000	111101100011100000110011010101000	15	15	23	166030240
111100101011000111100000111001000	110101100011111101001000100100100	18	18	21	287800784
111101100010100011110001001010100	110011111001001110001110000101000	17	17	23	245723472
111101010011101010011000011100000	110110010011101101000110001100100	18	18	23	282113112
111100100111100110001010100101000	110111100010100101100010110010100	20	20	22	288145024
101110110010100011011001011001000	111010001110101001001011100100100	18	18	23	261926600
110101001111000110100101001101000	110111001100100100111001010100100	17	17	23	276231216
110011011101100001001110100101000	111101010001011001011010001100100	19	19	20	282631576
111011111000101001001000110100100	111111000101000011110001100011000	19	19	24	275347152
111010101001011111000001100011000	111110001011000110001100110100100	19	19	24	291274752
110111000110011101001001110000100	110011100110101001100111001001000	19	19	24	287559400
111001110001101011000110001101000	111010101100011000111100110000100	18	18	23	282359776
111100110010001101010010101100100	111011000011100100101110010011000	15	15	25	176917904
111100011010101101100010100110000	110111001010100011100110011000100	19	20	22	287039280
101011110100100011011100011000100	110110100100111000110110001101000	17	17	24	251144800
111111000010011101110100001100000	110110010011110100101100001010100	18	19	23	265082680
111011100010100110100011100011000	111100110100011110001000111000100	18	19	23	279290888
110110010011110100011000110110000	111101010010101010100111001001000	16	16	21	231977072
110011011001011000111010001110000	111101001101001010100011100011000	17	17	23	263787184
101110010100110111000110001110000	111001001110100011110100100010100	18	18	22	284120728
111110010010011000110110001100100	111011001001111100000101110001000	18	18	22	273858080
111011010001100010111101000110000	111111010011010001101100001001000	19	19	25	274199688
101111100011100100011001100010100	111001110001001110101010011010000	21	21	24	286353936
111101001010001110101001010100100	110101001110111000100010110011000	17	17	23	254073568
111100101010011000110011100100100	111101001001111000100110001011000	17	17	24	261448560
110101100110001011100100111000100	111101000011010111100100100011000	19	19	21	284140056
111110011010100110010010010011000	110101001111010011000011001110000	17	17	22	248191632
101101011001001101011100001101000	111011100001010011100111010010000	16	16	22	208950496
111010011100010011101010010011000	111100100111100010001011001110000	18	18	24	284054488
110011101001110001110001001101000	111010001110010110001100110100100	19	19	23	288513400
111100100110100100101011100100100	110110011001010011110100011001000	19	19	21	280730448
111011000010110110101100011001000	111001111010100011100001010100100	19	20	24	271685088
111111100001101010001110010010000	111010110001011011010010010010100	20	20	25	287644936
110111110101001001001010001110000	110011001111010100100101010010100	20	21	25	287156848
110110001110111001001001010011000	111001110001101001001100110100100	17	17	24	257502448
111011000100101110010100101100100	111100011100100011100011111000000	18	18	24	268838136
110011101001111001000100101010100	101111010011001010100011011001000	17	17	23	251682232
101101110000111001100010111100000	110110011001001110101011000101000	19	19	23	283382896
111101001001101010100110100100100	110011111100011001000101010011000	16	16	22	244651848
111001101001001111001100011010000	110110001110010011100011100010100	20	20	23	287285720
101110011100001111010010010010100	111101010011001100001101001110000	19	19	24	286888056
111111100110000110000011010011000	101110011000101101001110001100100	18	18	24	257718296
111011100110110000111000101000100	111101011000011101001001001101000	21	21	24	286781320
111101101000111000100011100011000	111001010100110011101000111000100	17	18	24	244427872
111010011110000101001100110100100	111010110010001101011001010011000	16	16	23	241458928
111110101100100110100011110000000	111000101101110001100011011000100	19	20	23	288356568
111000111110100111100010100001000	111101110000100111000110101000100	21	21	23	287733968
111100110101100010010101001011000	110110100011001101100011011010000	20	21	23	283725368
111010010111110010001001110100000	111001100011100010111010001011000	19	19	24	285264416
111001101101100100110001110100000	111010010011100100111111000001000	19	19	22	285243984
101111010011100100110010011000100	111110100100001011011001001101000	21	21	24	288358696
110011111000110101001100100010100	110100111100110100100110010110000	18	18	24	279239808
110110110011001010011001001110000	111110100110010011010001010010100	18	19	23	288547552
111010100110011111000001100100100	111100101001111001000110010011000	18	18	23	290377560
111001001101100110110001100010100	110111001101001000111101001001000	21	22	22	285980400
111010100110010100111000111010000	101111100110011010001101100001000	17	17	18	259298872
111100100111101010100000110010100	110110010011100101100101001110000	19	19	22	283287152
111010100110010010101011001110000	111001011110010011001000111001000	20	20	24	287185952
111101011000100110101000110010100	111001011110000011001110001110000	17	17	24	244224664
110111100011100011000011011001000	111010101000111001110011000100100	21	21	24	286511680
111010011011110100011000100110000	111001110010010110010011011000100	17	17	20	255152088
111110011100010001011000101010100	111101001000111110001011010001000	18	18	24	257150584
110111101100010001001110100101000	111110100110100010101001101000100	19	19	23	278719560
110111010001001101111000011010000	111101001001101000111011000010100	19	19	24	273842400
101111100111000100010100101101000	110110100011001110001101100100100	19	20	23	276094488
110011001110011001110000110100100	111010010011111010100010011001000	17	17	21	261807720
111111000100011110011100000100100	111010100101100100111101000011000	17	17	22	264806944
111010001110010100101011001100100	101111101000100011011000111001000	18	18	24	275878176
111010011000111011100001001110000	110101001101001011110010011000100	19	19	24	286321240
111001010011110111100000010010100	111110110001110000011011000110000	22	22	23	288844552
111001111000010011100111010001000	101111000111100000111000110100100	19	19	23	283334216
110011111001010001100110011100000	110111100010011010010011001101000	20	20	24	286460208
111010011100010011111000011100000	111001110000111010011110000100100	16	16	22	251376912
111101001111000010011010010100100	110011111000011100110100100011000	20	20	24	288542176
111001110000111101001101101000000	111101001010100110100101010110000	18	18	23	272283088
111100101010100111000101011100000	110110011100101100100111100000100	17	17	20	275258696
111001111001100011000101001100100	111110100100110001010100111001000	20	20	23	287105808
110110001111000110100110001011000	110011111000011000111110000110000	17	17	23	257162120
110011100110101100010111000100100	110111110010110001001100011001000	19	19	22	283067280
111100011101000110010011001110000	111010110001010011001110011001000	19	19	24	286307984
111011100110000110011101001010000	111001001100110011001110100010100	20	20	25	280573264
111001110011000100111001001100100	111101001100100011110010010011000	17	17	24	263585984
111011100011000010110110010100100	111100100011011001100011101001000	19	19	24	273538328
101111100101000011101001001100100	111010100011101011000110010011000	20	21	24	286302712
111001010011101001111000110000100	111010001110101010011011001001000	17	17	23	266545496
111010011011000111010100100100100	110011111010011001010010011100000	18	18	23	280547520
111111101001100010100100011010000	111111001100010001111100000011000	16	16	24	235779488
110110010110001110011000110100100	111100100011100110100101001101000	17	17	20	260185912
111001110100010011110010101001000	101110100011110011001101000100100	20	20	23	287809248
111001011100011010010011110001000	101111110100100100110001010100100	16	16	18	240084848
111010100110001110001100110010100	111010101000111001100101001101000	16	16	24	243068264
101111101001000100110100111100000	111110001100110100110001001100100	21	23	24	286550424
111011100011010011110001100010000	111100101011100100101100010011000	18	19	22	283690336
111100101001011001110000110010100	111110100101001010011100110001000	17	17	24	265393488
101110011101010010110010010100100	111110001100011100011000111001000	16	16	19	214421600
111001110110001001100100111100000	111011000110010110001110100100100	17	17	21	281092304
111001010011011100100011010100100	111010100111101001001010010101000	21	21	23	286884152
111101100010101001010111000010100	111001101100011011000011100101000	21	21	24	286703752
111110100110101000011001100010100	111110010100011001001111000101000	17	17	23	244297424
110111001000111010100101001010100	111111001001101001000100111010000	19	19	24	283915520
101110010110001110110001110100000	111100011001101000101110100100100	20	20	24	286638904
110011001110011000110101100011000	111010010011111000101000111000100	18	18	23	275802168
101110010011110010110000110010100	111101010001010100111110010010000	17	17	21	252979168
111101100101001010101010010100100	110110100101001110011100110100000	16	16	22	255161528
111010100011110001100100110011000	111010011001110101001001001110000	16	16	21	232832392
110100111111011000011000011000100	110110100110110010010011100011000	17	17	21	270385208
110110010011110100100101010010100	101011011011111010000000101101000	18	18	22	280684480
111111001000110001100101111000000	101110011000111101001100011001000	19	19	23	283930864
111111000100110001001011001110000	110110100100111100101100101001000	19	19	23	279118144
110110001111100101001010010110000	110011010011110001111000111000000	20	20	23	288353528
111011100011110000011100100101000	111000111001111001000100111000100	19	19	22	286485824
111100011101000011100101011000100	111010110001110100101100001011000	19	19	22	283389744
110100110101100011110001011001000	110101010111100011001000101100100	17	17	22	267286312
111100011100011010100011011000100	111011110100110001010100100110000	18	18	20	268326624
111100100110011010100100110011000	111110100100101000110101001100100	18	18	24	281743584
111010001111101000110000110011000	111101101000001110001111001010000	17	18	22	247981632
111001001111101010000011110001000	101111001110000111001100011000100	21	21	23	287787760
111010011000111010001100111100000	111100100111110000100101001100100	17	17	23	254721224
110101001101001100111001100010100	111111010010100111100100100010000	20	21	23	287229016
110100101110101100100011010011000	111111001001100101001110000100100	18	18	23	264512976
110111001100101101100011000010100	111001100011101001111100010100000	20	20	23	286389768
101111110010001011000101011010000	111010100111001001100100101011000	18	18	23	275656256
101111100101000101010010101101000	110011101001100101100111000010100	19	19	23	285280576
101111110011001001000111010000100	111100100100101101100100110011000	20	20	24	286609288
101111001011000110100110100010100	111001010011110100011000111010000	21	21	23	286782808
111001011100100011100100101101000	111011101100100110001001100100100	19	20	23	281533760
111110001100011010001111010000100	101111010001111101000000110011000	19	19	23	284866128
110100101101110001110000101011000	110011101001010100111101000100100	16	16	22	205704184
111100011100101001010101001100100	101111000101001111101000010101000	18	18	21	285338344
110111000011101110001001010011000	111100110011010001110010001100100	20	20	23	287285776
111011001100101001100011100010100	111100110001001110011100001110000	17	18	23	268702168
111011110000111000011010010010100	111001001100110110010011001101000	19	19	23	282711408
111000111001101010010100101011000	111101110001110010000110110000100	19	19	23	283505272
111010011100100111001001011100000	111001111001000011100111000011000	20	21	24	287827592
111100111010001101000111000110000	111011000011100110100011100010100	19	20	22	284143480
111011001000111101001001001011000	111111000011000111010010011000100	19	19	24	281716168
111101110001101001001001010100100	111111000000111100110010010011000	20	20	25	286585192
101110111000011100100011010100100	111110100101000111001010001101000	19	20	22	279154728
111100100111101000010100110010100	111101011010010100011010100101000	16	16	24	247158656
111100011001010011101001001101000	111010100100110110100111000010100	17	17	22	269822320
111100101000111001110001001110000	111011110000100110001101101001000	17	17	24	256687752
111011111010010000010110001100100	111101001000110111100000111100000	19	19	23	275338616
111101100000111001110011001001000	110011010101010100111001001100100	21	21	21	286228280
111010010110001110011001110000100	111110010001101001110010001011000	20	20	24	286898704
111101110000011010011100001110000	111001101011000101001101100010100	20	20	23	288008424
111011001001010100111010011000100	111110010010110010100101001110000	17	17	23	267879984
110101001100110011001110100010100	111111010011100001001010010110000	20	22	25	287532648
111000110011010011110011001100000	111101101000110011000101001110000	18	18	23	267127160
110111100101001001010100110100100	111100100111011000110001011001000	17	17	21	270954816
111010100111100110011000100011000	110010111110010010011110001000100	21	21	23	287955072
110111001011000011100011100110000	111000111010101001010100110010100	16	17	20	194160040
111100111101010000100101010100100	101111000101010011110100010011000	18	18	20	279215440
111010001111000011101000101010100	110011010101100100111011001010000	17	17	21	252058864
111100100111000101100011010010100	110111001000111111010000001101000	18	18	21	282152672
110111100010011010001101011000100	111110001001100011110011100001000	19	19	21	280924392
111011100111010100001010100011000	110011110010110110010011100100000	22	22	23	286750880
111010010100101101001101101001000	111100110010100110011001001100100	18	18	22	258928008
111001011001001011101001001101000	111011100011100001100110010010100	17	17	22	240155920
111001110101001110001100010010100	111110100100100111111000010010000	20	20	22	287106480
111010100111001100100101010010100	111001101100011010010011001101000	16	16	23	251078296
110111111100011010001011000100000	101110111000010101001101100011000	18	18	20	274851432
111010011101100011000111001000100	111001001101101100110001001101000	21	21	24	287561568
110100111100111001001011010000100	111001110010010011010100110011000	19	19	23	283506304
111101010001111000010011010011000	111111000101001100100101100100100	16	16	23	230408232
111101001010110111001001001001000	111111100101100110000100010100100	18	18	24	275278256
110011110100100011010010110100100	110100110100101111000110010011000	18	18	24	271519880
111011111010001001000011100011000	111110100101100011011001100000100	17	17	22	238928224
111101010001100011100110001110000	111100110101110010100001011000100	20	20	24	286648864
111100111000100100111001001101000	101111000101101110000111000010100	20	20	24	285460880
111100111001010010010100110011000	111110100110001100101001110000100	19	20	23	284331808
111000111001001101100011100011000	111101010001011000101110010110000	19	21	25	285972440
111001010011100110100101100010100	111110110001001010011001011100000	20	20	24	287214496
111111000101010001011000111000100	111011100001101100100011001101000	19	20	24	287358080
111001111010100011000100110101000	111010011101101000111100001000100	19	19	23	283415336
110011101001111010010001111000000	110100111010100111000100101011000	18	18	23	283082088
111010101100010100110101001101000	111111001000110100111011000100000	20	22	23	286898936
111100001011010011001110001011000	101111011000111001000011100100100	16	16	23	218320976
111111100100001001101000101010100	110100111010110001011110100001000	17	17	22	241573448
111011011100110001001011000011000	111111100010011001010001110000100	18	19	24	259909896
111010101100010011100110001101000	111101100001110011001100010010100	19	19	25	283117360
111011000111000010111001001011000	111001010011101010100100111000100	20	20	24	284695824
111001011100100111000011110010000	111101001101001001110010011000100	16	16	22	254944072
111100101100010110011000101010100	110110011011000101100110011100000	18	19	21	273109640
110100111110001100010011010010100	110011110010011101100001001110000	16	16	22	236126240
111001101001100011100110100010100	111010100100111101111001100000000	19	20	24	285339200
111101110010001000111010010011000	110101100110001111110100000110000	18	19	20	265208320
111010011101001101010010010100100	110011001110101100010011010011000	19	19	24	286505144
110110100100111001100110101000100	111101001001001101110100100011000	17	17	23	245618080
111001110101001100010011100011000	111101100011010101010011000100100	19	19	23	286617040
110110101010011011000110010010100	111010011001001101010011111000000	17	17	22	269810272
111100011001001110001011010010100	110101111100100100101000101101000	19	19	24	286005320
110011011001111000101011000101000	110111100010001110101000101010100	21	21	24	287492528
111111001100000011110001010100100	110100111011010100010110010011000	19	19	22	281654840
111001101000111110011000101001000	101111110001010011000111000010100	18	19	23	277024904
111110010101010001010100110100100	111011100000111010100101101001000	19	20	23	286903360
111111000101000110010011100011000	101111111001100100000110010110000	17	17	23	261412856
111100010011110010011000110110000	110111100011101010010001101001000	19	19	23	285964664
111011000011111000100110100010100	111101101100100010011101001100000	19	20	24	284267312
111101000110001110001111000101000	111110011000110001111000110010000	17	17	24	251574168
111100100111001001011000110101000	101100111001110001100011100100100	19	20	23	283923136
111001110010101001001100110011000	111011100100100111001111000000100	20	21	24	286636040
111101001100010100110011100011000	110101001101011001110000111010000	19	19	23	280111080
111111001110001001100010010100100	110100110110010011110000110101000	18	18	23	273646720
111110100111100001001101010000100	110111010010001110100101101001000	18	18	23	273666656
111110100100001100111101000011000	111010100111000101010011001100100	15	15	23	174371216
110100111100100011010011001100100	111101101001110011100010100100000	21	24	24	287164880
110111001111001001000011110000100	111110011001001010100111000110000	18	18	21	268452456
111100100100110011101001100110000	111010011100100110011011000011000	19	19	24	280231032
111100011010001111001000110010100	101111100001111100000110001101000	19	19	23	286076384
111010001111101000110010011000100	111101101000011110000101001101000	19	19	22	286815856
101101100011100011011000110100100	111111100010001101100010011001000	17	17	21	243364784
111001001011110110001001101000100	111101011010010011100010100101000	20	20	23	285287912
111101100011110010010001101000100	111011010100111000011100001011000	18	19	24	270468664
111100100101001100111111000001000	110100110011010101001111000010100	16	16	22	215643656
111001011110100010011010010010100	110101001011001011010010101101000	19	20	23	283286936
111111001010100010011110000100100	101110011001010011110011001001000	19	19	22	288362496
111001100010111100011000110010100	111010010111000011100011001101000	18	18	23	276053024
111110010011001001110011001100000	111010010011100111010100010110000	17	17	23	267233552
111000110101010100110011100010100	111101110101001000110010011001000	20	21	23	290201504
111011001100001101010011010010100	111100001111011001000110001110000	19	19	25	281289384
111001111001001001111100000010100	111011000101001111001110010001000	16	16	23	257358992
111110010100100100111110001000100	101111101001000110100011001110000	18	18	23	273566672
111110110001001011000110010011000	110011101001011000111000110100100	19	19	23	281727992
111011000010111110001000110100100	110011001110001011010101001011000	16	16	24	189045584
111110001100100111010100011000100	101110010111001001001100101101000	20	20	24	287497712
110010101110011010011010100011000	111010011111000000110110011000100	17	17	22	247224336
111010110110010100111000001101000	111010010100111010011110010000100	20	20	23	288686800
111100010110011000110110001100100	111101010100111001100001100101000	18	18	23	280970776
111100100110110001100010110010100	111011001010011111000010001110000	18	18	21	272106552
111101001010001110001110011000100	111101010011010100010011100101000	19	19	24	280828464
110111011100011001001011000110000	111010010100110101100011101000100	23	24	24	286964120
111110011000111110000101001100000	111101001011000110010011001110000	19	20	23	289182128
111001111000010011111000101000100	110101011010001111100000101011000	16	16	21	257201792
111100101001100101010100110011000	111011010010011000111001001100100	17	17	22	280809216
110101101001100011111101000000100	111000101111001100001101001110000	18	18	19	291879792
111101001001110001001101100010100	111001100100111000111101100001000	17	17	23	260294856
111101010010011001011100100110000	111100101100111000111010100000100	18	19	24	276711288
111011010011000111010000111010000	110110010011110010010011010010100	16	16	22	209533264
111111001100010011011000011000100	111011000100101110001111100010000	16	16	23	201918800
101111010001111000010011001110000	111100101001011101000100110011000	17	17	21	246807616
111111100001100001001101001110000	110110100010111001010111001000100	17	17	23	240400192
111000111111001000110010001110000	101111011100001101000101010010100	20	20	23	288306152
111010010100111110110000001011000	111100110010100110111000100110000	18	18	22	282502568
110011010011101010011100010100100	111101001011010001010101001011000	18	18	23	285970104
111001110101001110001100010100100	110111011000100101110010010011000	18	18	23	285994816
111011001001011001010011011000100	111001110011000101001110010101000	20	20	23	287660320
111110011000010111001000101100100	111101001100101001001110010011000	17	17	24	241448720
110011011001110100100110011000100	110101100110001011011001001011000	21	21	24	287027560
111101010100110010001111100000100	111101001010001110110000111100000	16	16	23	239746272
110100111111000011000111001001000	111001111000011110010001001010100	18	18	22	286738776
111111100010000110010100110101000	110111110001100001001101001010100	17	17	24	267653096
111100011110100100010100111100000	110111001001110010100101001110000	18	18	22	287942544
101111001100010110101000101011000	110101110011100010001011101000100	19	20	24	281511560
111110010010011010101000101110000	110111000011001111101001001001000	17	17	23	227481328
111101010100100101111010010001000	110100110100111100100101010010100	17	17	23	250039104
110100110010101010111001010010100	101111011100110001010010100101000	20	22	25	289918344
111111100001111010000011000110000	110110100011101010100011001011000	16	16	22	216330648
111100100011101001111000011000100	111010010110110010010011110010000	16	16	21	232772184
111110010100101100010100111001000	111011011001010001101001100010100	18	18	24	280243816
111010100011110001110001010011000	111101101010000111100100100100100	17	17	22	257206360
111101001100010101100011010101000	101110100101011001011000110100100	17	17	21	259562280
111010011100110001111001000010100	101011111001000110101001100110000	21	22	23	287583248
111011011000110001010101001100100	111110100100101110011000101001000	17	17	23	260459544
101111010010101001100111001001000	110101010011101010011001001110000	18	19	22	282320448
110011110110100100100111000101000	111101001001100011011000111100000	16	16	22	233309512
111101100010010011110000101101000	111110011000100101011001100010100	16	16	23	215888944
111010011000111010100100110011000	110011010111001010001101001100100	16	16	21	213702984
110110100110100011100011011000100	111100001100110111100001001110000	16	16	23	204255144
111001110010100110101001011000100	111011000111001010100101001011000	18	18	23	286470328
110100110110100011110001001110000	111111100100000110010011010010100	16	16	23	229512184
111110010010001111110110000010000	111011111001001001000100110010100	19	19	20	286611216
111000110110110110010001011000100	110101110100001110011001001110000	21	21	24	286214064
111100010011101001001110100011000	111010100110100101110100101000100	17	17	24	262569896
111001011000111110101001000101000	110101001111100011001000111000100	17	17	21	275164440
101110101001010011110001110000100	110011100111100010010110001101000	19	19	23	288423168
111011010100110001110010100100100	111101101001100011100100011100000	17	18	23	273602168
110110110001111000100011100100100	110111001101000100101111100100000	19	20	23	287592696
111100011001010101010011011010000	111010111100010000111010010011000	17	17	21	269072904
111110001010100110100100110110000	111101111001010010001110001000100	18	18	23	282695552
111110010001101000111101001100000	111010011001001011010011001100100	17	17	23	237024848
111110011010001011001001001101000	111010001110011100111001000100100	18	18	23	262472328
111110010011110000110010011001000	110100111001011100101001001100100	19	19	24	288919208
110111111000100010001010111000100	111110000011101100110001100110000	20	20	24	286995728
111100110000110011101001001100100	110100111100001110110010101001000	16	16	24	221423032
111100110111000010011010101000100	111110100101100100101001001101000	18	18	24	270602384
111101010011010001011010010100100	111000111100101001010011001011000	17	17	23	241388048
111100101101111001000010010010100	111011010000101111100001001110000	21	22	24	286350040
111010011100111000010011001101000	110111011000011000110111001010000	17	17	22	253128120
110111010011100001101001001101000	111110100001100011100110011000100	17	17	21	255421720
101100111001110101100010110001000	111011010011100100010011010110000	21	21	24	285917840
111011110010001101001100001101000	110111010010101001001110011100000	17	17	22	228601680
111011001001111000110010010110000	101111101100100001011110001100000	16	16	23	235521840
101111001010011010001110001100100	110011110001110010100101100011000	17	17	21	266560336
111110100010011001100110001100100	110110111001010011000101010011000	19	19	23	286471144
111110100110010010100101001110000	101111101000011110100001011001000	19	19	24	284925888
111101101001001111000010010110000	111100110100100100110010111000100	17	18	23	251354504
111011010111000101001111000001000	110110100011100011110001011000100	21	21	21	290189568
110110001101001110001010110100100	111100111000011100011101000011000	19	20	25	287477872
111011000011100011110001010101000	110011100110001111001110000010100	18	18	23	259317176
110110011111001010000100110010100	111101010011100010011100001101000	17	17	23	260082600
111111000100110010001111001010000	101011100110010011111000101001000	19	19	22	285059944
111100101001100111000110010011000	101011101010011010101001001110000	18	18	23	285688464
111010011001110000101010101100100	111011011001001001011101000011000	17	17	23	262220304
111101100010011001100110010010100	110110101001100111001001110001000	19	20	22	285666456
111010100100111110010001101010000	111111100010011000001110010010100	17	17	23	256942144
111100100110010011101110001000100	111010010011001111110100010001000	19	20	23	286199416
110100111100001111000111000110000	111110011001100111000110000010100	20	21	24	286835056
111100011100110011000111000101000	111010100011010011111100000100100	17	17	22	276704480
111100110111000100011100011010000	110101010101001101100110100101000	17	17	22	236776192
110100111011100000110110010010100	111100110100010110010011001110000	19	19	24	281585056
101111110101100010000110010011000	111001110001100100111100001100100	17	17	21	251366424
111111100110010011001000100010100	111101001001111000010100101110000	17	17	24	250308768
101111100010011001100110100011000	111100011000110110001100110100100	16	16	22	233286528
101100111001010101010010111010000	111111001110000100100110010010100	19	19	23	287180200
111010010011101100010100111000100	111001011101000101100011100011000	18	18	22	282491944
101111001011100001001010111001000	110101110100111001000101001010100	17	17	24	232724784
110111101000110001010010111001000	111101100101001001011101100000100	18	19	24	260468960
110101100011011100011000110010100	110011101110101000001101101010000	20	20	24	287558672
111011101010110001001110100001000	111101000101010101001011011010000	20	21	22	286919384
111000110101010110001111000101000	110111001110001000110010101100100	17	17	21	271650760
110011010011111100001001011001000	111110100011001101000110100110000	17	17	22	270063544
110100111001101001101100110001000	110011100110100111100011000110000	17	17	22	242054216
111010010100110011110000110101000	111001101110011000010011100100100	18	18	23	266587824
111100110100011011001001100011000	101111001010010101001100111000100	17	17	22	246095528
110101101100001011001110100101000	111010001101110000111000110010100	20	20	25	283081032
111100010011110101000101010011000	111101010011010001100011001110000	17	17	23	270175632
110011001111001110010010110000100	110111100110010010011101000101000	23	24	25	286152120
111110010011010100010111010000100	101110101100100111001000111010000	20	20	23	286484208
101110110010010011110100001110000	111101000011100110100100111001000	18	18	23	279069056
111100111010101000011101000011000	111010010011011000101011110000100	18	18	22	262385488
111001111000101010011110010010000	111010010111100100001111000010100	18	18	21	289456128
111111100100010100110000111000100	111010011001100110001011100101000	16	16	24	211633560
111100100111111000010100010011000	111101001100010100111011000100100	18	18	22	290173656
111100100101110010001100101110000	111010010011101001100101110000100	16	16	22	210369456
111101100100111100001100010011000	111100110010001100101110100110000	20	21	23	288478528
111110010001101110010010100010100	101101110101101000011110010100000	23	23	24	285804408
111101101000110000111101010000100	111011001100011110010100010011000	17	17	23	240753000
111110001110001100100110101001000	111101100001100111110000001010100	19	19	23	287135968
111000111100110001101100010100100	111010111001100010001110001011000	20	20	24	286847704
110111100010011001101000110100100	111110011010010011010001011001000	18	19	22	282698912
111110001110000111110010001001000	111011000011110001001100101010100	17	17	22	266316184
111001001111000011010100101011000	111010010011110010010110101000100	18	18	24	282650816
111001101011001001110110001000100	110101100011111001000110010101000	19	19	22	288350448
111100110010111001001001100110000	111011000101010011100110101001000	16	16	22	244756544
111110100001110111000010100011000	111101110100100010100010111000100	18	19	24	268108712
110101011000111101010001010011000	101110010111001001010010110100100	15	15	20	180727976
110111010100111010011000011001000	111111000011000011101100100100100	21	21	22	287102800
111001100111000011011001010101000	111101000110110011000010110100100	17	17	23	259171792
111100100100111101001001010100100	111011111000010100100011101001000	17	17	23	266343040
111100100101101000111010100010100	111101001001110011100011100100000	17	17	23	256286240
111011110010000101010011110000100	111001001110001110001110010011000	16	16	22	209804568
111011001001001111100110000100100	111010100100111110010001100011000	18	18	23	282008720
111011010001001110101001100101000	110100111100011001001110010100100	19	19	24	284734248
111001010011100111001001011000100	110111100001101001100101001011000	18	18	21	279016048
110111100001100111010010010100100	111001001111100100101001100011000	19	20	22	286984328
111110001001101100011000111010000	110111010000111011000011110000100	17	17	23	261607800
111011010001101001100110001010100	111110000110010100111000110110000	17	17	23	252813032
111110011100000100111001010011000	101110011111000010100101001100100	19	19	24	285292152
111110101001000011100010110101000	111000110011011101000110010100100	19	19	24	271016840
110110010011100110001011101001000	111001010110010011011010001100100	21	21	23	286486560
111110010101000110011001001101000	111010010110101100100100110010100	19	19	24	286149576
111011001010010010111100100110000	111100011110010110100000111000100	19	19	23	278813544
110011100111110110010001100000100	110101011100001101101001010011000	19	20	22	284505712
111101001100011100011010011000100	111001111100000011111000001101000	17	17	22	267896160
101100110011001100110110100101000	111100011101100001010100101010100	17	17	23	234036624
110111010010010100111110010010000	111111000001110100100011011000100	17	17	21	269983992
111110010101001101000110100101000	111011001100100110101101000100100	18	18	23	282714232
111111011001101010100010000010100	111100111000011011001010011100000	19	19	22	275388168
111001011100100101111000001110000	101110011010011010010010110011000	18	18	22	283065624
111111000010101001111100001001000	110111101000001111001000110100100	18	18	21	292146344
111010010011101000111001101000100	111100110011110001010000110101000	21	21	24	285934144
111011100100011101001010001100100	111110010011000110100011100011000	18	18	24	274033248
111100110010011100101100010100100	111101100010110011000110001011000	18	18	24	284595432
110101110010001110001011010010100	111110001001101000111001100101000	17	17	24	251732328
110100111001001100110100101110000	101111101001000111011000010011000	17	17	22	250673744
111001101001011100001111001000100	111011000011001111001010100110000	18	18	21	286331704
111100101110011010001001001100100	101110111100000011111010100001000	20	20	22	285367048
