first second opt dist central
11101111010010011000010101001110000 11001110110010001101001110010010100 22 22 25
11111001010100011001001110001100100 11010011110011010001011110001001000 22 22 25
11100110101010110001110010001110000 11101001110100010100111001011000100 20 20 24
11101000111000110100110011101100000 11010101001101101100100111000010100 19 20 26
11101010011011001111000010101001000 11110101010011010001100011001100100 19 19 24
10111110100101001001100110010011000 11101001010101001101110100100100100 19 19 25
11011101010001011001001101010100100 10111001010100111101001000110011000 17 17 22
11010010111110000100111100100100100 11100111000110110100001111000011000 20 21 24
11110011000101010100101110001101000 11101100011010010011010010111000100 18 18 25
11001110011001100011010011110010000 11101100010110001100101110001101000 17 17 26
11100111111100010100100010001011000 11101000111101001100011001101000100 21 22 24
11100011101001100110001111001001000 10111010010100111000110011001100100 21 21 25
11110011110000011110010100001101000 11101100011011000111000011010010100 18 18 24
11101100011111001001001001010010100 11100111110001110001110100000110000 19 19 24
11110100110101001010011010010100100 11101010101001100110110001001011000 19 19 25
11110001110110000110010011110010000 10111100100111010001110010010010100 21 21 24
11110101101001100101001100011000100 11011001101001001101001111100001000 20 21 24
11001110011100111000100100110011000 11010011111001110001001001001100100 20 21 25
11101010011100011101010010110000100 10111001001111000110010011010101000 20 20 25
11011010011010010100111001011001000 11011001100011001110100101010100100 19 19 24
11111000110100011010010100110010100 11011100001111100100100011100110000 20 21 25
11100011011110100011100000110010100 11101110011001010100100110001110000 20 21 26
11111101000111100000101001100011000 11100111010010101000111010001100100 18 18 25
11100100111111000001100110001110000 11101100100101010100111100011001000 19 19 23
11111000110100101001111000010011000 11101110101001110001100001001110000 20 20 24
11110001010011011010110011001000100 11010100111011000101010011110010000 20 20 24
11100110101001100110100110011000100 10111001001111100100010011100110000 22 23 24
11101110001110100101001010100011000 11011101100100100011100110101000100 20 21 26
11111011001000010100111010100110000 11100100110110100011100101101000100 20 21 26
11110110011001011000101001100010100 11001111010101001010011011000101000 21 22 26
11110001100111001100010110100011000 11010110010011100111010000111000100 22 22 24
11011000111100001110001011001101000 11110001110011101000110000110100100 19 19 26
11011100100100111101010101001010000 11110011100010100101110001010101000 17 17 24
11110100101001110100100111000100100 11110010001110100111001001001011000 19 19 25
10111010001111100010011001100010100 11010011101001010011100100110110000 22 22 26
11100101001110101100100010111000100 11101010011011100010001101001011000 17 17 23
11110010100110011010110100011001000 11110101001010100110001110110010000 20 20 25
11100101110001001110110100100101000 11110110100011100011000100110100100 20 20 22
11111001001100010101110001100110000 11110100110001001111100010010011000 18 19 24
11111000011000111011000101100100100 11011010110011001001100110001011000 19 20 25
11011110000011001110011001010100100 11100110101010011001001100101101000 21 21 26
11011100101011000110010100110100100 10111010010011101001110001001011000 19 19 25
11101010011001010011001101001100100 11101001100110010100111000111100000 19 19 24
11100101001111010011001100101100000 11010011101101001001011101000011000 19 19 24
11110101000111011000001111000101000 11010011110101001110000101010010100 17 17 23
11011010110011001000110011001100100 11110010011110010001001101010011000 18 18 25
11111010000111110100000100111010000 11011010011001101010010011101001000 17 17 24
11001111101010001100101000110011000 11110101100010100111101000100110000 20 20 24
11101001100101100101001101110000100 11010110011011000110010011011001000 18 18 21
11111010011000010110001010110011000 11100111100100101001110110010000100 21 21 26
11111000011101100010100100110100100 11101011001001001100111110001001000 18 18 25
11101000110100111110011000100110000 11101101001001100110010011011001000 17 17 23
11111000011100010110001100101011000 11101010100101001110101100011000100 17 17 24
11100110010111000110010011100011000 11011100100110110001011101001000100 20 20 23
11011101100011000101011000110100100 11101100001110101001100111001001000 18 18 23
11011110001100010100110110001010100 11110011000101100110110001100101000 22 22 25
11110101001100110100010100110011000 11011011101000100101100011101010000 21 21 25
10111100101001110100001111000100100 11110010011110110100100000101011000 18 18 25
11111000100111011011000110000101000 11101100101001100011100100101100100 18 18 24
11011011000101010101001110010100100 11111100011100010011100100001011000 19 19 22
11110011000111000110001100101101000 11011111100101000000111110001000100 20 20 24
11111001001101100100010110110000100 10101110110100110001110010001110000 20 20 23
11011001100111010100101001010011000 11111000101010011011000110001110000 20 20 24
11111011000110010001001101010010100 10111101010010011100010101001110000 20 20 24
11111111000001010100110010001100100 11011101001001111001001100100101000 19 19 25
11111111001000011010100110001001000 11110100101100110001001111010010000 19 19 26
11011100101010100111100010011010000 11111001010011001001100011100011000 21 21 23
11100011011100110100001110001101000 11101010010101001111101000011010000 19 19 23
11110001101101110000010010101110000 11111101010010001100001110010010100 17 17 26
11110001100011110001011010010110000 10111100011110100100011010100010100 21 21 26
11010101101000111100110101010001000 11100110100011110010011001010100100 19 19 24
11100011110010010011011101000100100 11110111100010010011001001001101000 21 21 26
11111100000101010011001011010011000 10111101001011100101000110010100100 18 18 25
11101001001111001010001100110011000 11110010011100111000100110100110000 19 19 24
11111010100100101010100101100100100 11111000111000110100011000110101000 18 18 26
11110011010100001111000100111001000 11101011000010111010110001100100100 18 18 26
11100110110110010010010101001100100 11101001100111000011010011010011000 18 18 25
11111001001100011100110001001110000 10111100110001001111100001010010100 20 20 25
11001110001101110010110001010100100 11010011100011010010110100110011000 18 18 26
11101001111000001100110011010011000 11111001000111000101001110100110000 17 17 25
11010011101010011010001011101001000 11110011001001111100011000010100100 21 21 24
11111000101101000011011110000010100 11010111101100010001001100101101000 18 18 26
11001111111010001000100110001100100 11101010011000110111100100100011000 19 19 23
10111110100110001010101100011010000 11100110111000010011001110001101000 18 18 24
11101001001011100011001010111001000 11111001010100010111110000001010100 18 18 25
11100011100011111000101110001100000 11110110001100011110000111000010100 20 20 25
11101110100101000011100011001110000 11010101100011101110000101010010100 20 20 25
10111100100111000100111011010010000 11110010011100010011100101010011000 20 21 26
11110010100100110011111000101100000 11101110001001110010010101001011000 22 22 26
11100110001111000110010100110011000 11110101010100110001110001001100100 19 19 25
11101100100111001100011100001101000 11111001001010100101001110010100100 20 20 25
11110110001101000110011100010010100 11100111001000111100010110001101000 17 17 24
11101001001110011010001110100011000 11100111010100110001101100001100100 22 22 25
11001111100001110110010100101100000 11011000111001001111000010101010100 17 17 25
11101001011010010110001011110001000 11110011001001011001110000101110000 19 19 25
11110011000011111000011001100100100 11011100011101001010010100101101000 20 20 25
11100011110110011101001000101001000 10111101110001100011110001000110000 23 24 25
11100110011010100110001110010101000 11010101010011101001010010110010100 18 18 23
11110011001100010110011010101001000 11110100100110011001001100110100100 20 20 25
11011110011001011000100110001011000 11001010111110000110001101110000100 20 21 24
11111001000111001001100100110011000 11101001101100011011000110100100100 19 20 26
11110001100101110001001101101001000 11101101010110001011100110000110000 23 24 25
11100111100011000110011000111100000 11011110001101101010010001100100100 21 21 24
11111001001010011011000101100100100 11101110010001101100110000111001000 20 20 25
11101011110000110001110001010010100 11101000111101001110001000110101000 20 20 24
10110111100101010000111001001010100 11101001100100110110010100111001000 20 20 25
11011100010100110101110000101010100 11110011110000111010100010011010000 18 19 22
11101101000011110010011110001000100 11110000111101001110000110001110000 20 21 25
11010100111001111101001100001001000 11111101001000100100111100001010100 19 19 24
11100111100001001110101001010010100 11110110001100101001001101001101000 19 19 26
11010011111110100100000110010011000 11100100111101000110001101100100100 17 17 23
10111001100100101110100111100010000 11111110000100111000011001010010100 23 24 26
10111001101001110010011100100101000 11110101001010001011100110001010100 20 21 26
11110011110101000101110000100110000 11101010010110010011100110010011000 22 22 25
11111001000011101010001101110001000 11010011110011101100010000111000100 19 20 26
11100011100100111110000110100100100 10111001101101010010001101010011000 17 17 25
10111011000101010011011000111010000 11110001110010011010100101001011000 22 23 25
11110011100001101100011101011000000 11101001111100011000101000101100100 21 21 25
10111010011101001100100101010011000 11100110110000110101101011000100100 20 20 24
11011010010011110100110100010100100 11110011011000011101001011010001000 21 21 23
11111000110010011001010011001101000 10111001101001100011100100111010000 17 17 24
10111101010010100101001100110011000 11010011010100111001101001001100100 19 20 26
11111001000110110010001111000100100 10110111011001001001100101010011000 21 22 24
11110010011000111010100101100011000 11011011010001011001110100001110000 18 19 23
10111010001111001001101001001011000 11001101011001001101001100111000100 20 20 26
11011100101100011000110100110010100 11011110100001100110111010000101000 20 20 25
11010011101100011001001110101001000 11111001000110110010011010010100100 22 22 25
11010011100111001100111000101000100 11111001001001100100111100100011000 20 21 24
11110010001111010001100011001100100 11110111100011000100010100110101000 20 20 26
11101001110110001101010011000011000 11101101000100111110010110001000100 17 17 21
11001101110001001101111000100101000 11010111001010010101010100111100000 17 17 20
11111110001111000010100011000011000 11010111001010010110101000111000100 18 18 23
10110110011101000101100011001110000 11111000011001111000010100110010100 19 19 25
11001110011010011110110001001010000 11101001001010110101101100100010100 21 21 24
11101110100100011110000011010100100 11010101001111000100111110001001000 18 18 24
11001101100110010011100101111000000 11101010011000111101100010001101000 20 20 24
11011101101011000010011001110000100 11110010011101100001100011010110000 19 19 23
11101001101110000011001110101010000 11111100100011000110101100010010100 19 19 26
10111001110100100110010100111000100 11110011001101000110100011001011000 18 18 23
11110001101010010110010100110110000 11010100111001110100010011001010100 19 19 24
11111001010000111010010011010010100 11101010011100010010111010100110000 17 17 26
11100110110100101010011001001110000 11101000111010010011010100110010100 19 19 24
11101100010101010100111100100011000 11001111001101000110100011011000100 18 18 22
11111001001110000110010101100011000 11111101001000011111000010010100100 18 18 25
11110101111001010010010010010011000 11110110010110101000101100100100100 17 17 24
11100011111000011001010011110000100 11101011000111100010011010010011000 19 19 24
11001111101001001100011000101011000 11101001111011100001100101100000100 20 20 25
10111100110011000110110010010100100 11100111100110000100111100011001000 19 19 25
11100111100010100100110101100100100 11101010110001101001100100101011000 19 19 25
11110100110100011100100100111000100 11110101001011010001101110010010000 21 21 25
11110001110001001011100111001001000 11011010010110010100111001001100100 22 22 23
11010111110000100100101100110110000 11111000011110010100110001101001000 21 21 26
11100110011010001101001100101110000 11010011100010111101001001010010100 20 21 26
11100111000011101010001110010010100 11110110001011000011010010101101000 20 20 27
10101111100001001101100100111100000 11101110001100011011001100100010100 20 21 25
11101111000011010001010011010100100 11111100010111000011000110001101000 19 19 25
11101100011101100010010011010010100 11110001101001010011011010001110000 20 20 26
11011110000101101000111010001011000 11100111000110001110110010110000100 21 21 25
11111000111110000101010011001000100 11011010011010011110100100010110000 20 21 24
11101010110110001001110000111001000 11010111010001100110010011001110000 18 18 23
11010100111001111001100100001101000 11111010011001001101101001100000100 20 21 25
11101101100110000101001101100100100 11111000111110001001001000111001000 21 21 26
11101101000110010110010010111001000 11100010111100101110000101001100100 20 20 25
11010100111001101100001100110011000 11100110100101001111100100101010000 20 21 23
11011001001110001111000110001101000 11100111001001100010111001100100100 19 19 26
10111001110001110000111001110000100 11110011010101000110100100110011000 22 22 26
11110110000110011100010011011010000 11111000101001001111011000110001000 18 18 22
11010110100011101110001001001101000 11110010011001100110001111100010000 17 17 23
10111011001001110001110010001011000 11111000110010011010010101011010000 23 23 25
11110100110001110010110100001010100 11011101001101000100101110101010000 22 24 27
11110100010110010011100011001011000 11001110011101101001100001011000100 18 19 25
11101010100110100111100110010000100 11111110000110000010110110011001000 21 21 25
11111100000101101100010011100010100 10111001001101100110100111001010000 20 20 25
11111000100110011100100100111010000 11011100011000110100110011111000000 18 18 23
11110100110011000101010011001011000 11110010011001010010111010011000100 19 19 26
11111011000001001111000110010011000 10111011001010011100010101001100100 19 19 25
11010111010011011000011001001101000 11111001000100101101100011010010100 20 21 25
11011010011100010011110011001001000 11100110111100101100001001100100100 20 20 21
11011101010001011001001101010100100 11100011010100111101001000110011000 20 20 23
11100011101100010100101011001101000 11101101000111011111000011000010000 22 22 25
11111010011110011001000100011001000 11110011000101001100111010001100100 20 20 26
10111011110001100011010011100010000 11101111000001010011010011100011000 22 22 25
11101000111110001100100101110000100 11110010100110110011000111000011000 17 17 22
10111011010001011001001101110010000 11010011110100100111000100101010100 18 18 24
11011100101101000011011000110010100 11100110010010111000111010100101000 21 21 26
11101010111100001000111001011001000 11001100110011011010010100101100100 20 21 25
11100101111100100101010011001100000 11110100011101010010011001001100100 21 21 25
11001111010010011001100010101110000 11101101000101100010110101010010100 18 18 25
11110011000100111010010100101010100 11110100110001100111011000011001000 18 18 25
11110110001011001100111000010100100 11111100110010010010010101001101000 20 21 25
11110010011001001100111100011000100 11101001111100010100111100010010000 20 20 25
11100011111000100110011000111000100 10111000111000111001001011110001000 21 24 25
11001011101110000101100011110000100 11110110100001111000001110011001000 22 23 25
11001110111100010110010001010011000 11101101010101000010111011000100100 22 22 25
10111111000001011011100100100010100 11100110100011100101001111001010000 19 19 25
11111010110010001101010011010010000 11001011111100010001101000110010100 22 23 26
11100110010100111100110001101100000 11010011111101001000010110001100100 21 22 24
11110010010101100011010011011100000 11101001111001001010100111100010000 19 19 24
11001110010101001111001010001100100 11110100111010001100100101101001000 22 22 24
11110100100110101000101101100010100 11111001111100100001111001000010000 22 22 26
11111011010000100110011010010010100 11011001011000110101001101001110000 19 19 26
11100111010001101100100110010011000 11010100111010011010011001001100100 20 20 25
11110011011000111000100010110010100 11110101000111100011001110000110000 23 24 26
11011101000011001101001101100010100 11100110100100111101000110001110000 17 17 25
11101010110001101001011000110100100 11010100111101111000001010110001000 21 21 25
11100101100100111101010100001011000 11101001101100101001001111100100000 19 19 23
11110101000111101100000101001110000 11110100110011000101010011101000100 17 17 24
11101100110011100001110001001011000 11110011011010001100001011101010000 19 19 24
11010111000111010010011100010011000 11111010010010001110100100110100100 18 18 24
11100101010100110110100110001100100 11101110100110011011000000110011000 20 20 23
11110101001100010010111001010100100 11110100110001100111011000001101000 20 20 26
11101001111010010100100101001101000 11100101110011000100111010010010100 18 18 23
11111101000011001110000101001011000 11011110100110010011001000111000100 20 20 27
11100100110111100001001101100101000 11010110100011111100001100001010100 20 20 23
11111100100101001100011100011001000 11101110001110010001100101001110000 17 17 25
11111010001100011000111110010001000 11110010100111001011100010101000100 18 18 24
11111001001010011000110111000010100 11101001010011011011001100100110000 18 18 25
11111010100101001001101001101010000 11110100110100111000010100110011000 19 19 26
11100011110110010001110010010011000 11010111110100001101000101001100100 22 23 25
11010100111000111001100100110100100 11110010100101001111000101001101000 18 18 25
11111001100010011100110000111010000 11101011010100110001011001100011000 19 19 24
11110110000110101001001011001101000 11101101100000111110100101001000100 20 21 25
11010011100011101001010011001101000 11110011100010100110001110011010000 20 21 26
11110100111101001000001011001100100 11111010101001100100110000111001000 18 18 25
11110000111100011000111001110001000 11101010100100110110100010101100100 18 18 25
11011010001100111011010100001101000 11110001111100010001001110010100100 22 23 26
11111000111010100011001001110000100 11011001001110100110100110010011000 18 18 25
10111100011001001101001111100001000 11110010001110101001011001100110000 19 19 25
11101100011010011101100010001110000 11101101011000111000101110001000100 21 22 26
11111100100110100101001010110000100 11110100110100101001100011011001000 19 21 26
10111111010000110001001011111000000 11001101001111100001011100010010100 18 18 24
11101001010111000111010000111010000 11001111001000111101001010110001000 21 22 24
11111101100001000011011111100000000 11100011100011101100001101101010000 19 19 24
11101000111001011000111000110010100 11110111010001001011010010001101000 19 19 25
11110101100010110010010011010011000 10111001111100100001001111000110000 21 21 25
11111100111000010011110010000101000 10110011111011000010100111100010000 19 19 24
11101100110010101000110011001011000 11110001111010011001101000101000100 19 19 24
11100110011011000100110110001110000 11101001110011010100010011010010100 17 17 23
11110100110100010010110110001101000 11110011001101000111101000101000100 21 22 25
11111011010000100111001100001100100 11101001011011001001001011100011000 22 22 27
11101000111000111111001001000011000 11101101000101100011011001001110000 18 19 25
11101010001111001100110000111000100 11010010110011101010011101000011000 19 20 26
11100111001001100100111000110100100 11111010011001001001001101010011000 20 20 25
11110111000100100110001100111000100 11001111100101001100100101100011000 18 18 24
11111010001001101001010011010110000 11100101001101001101100101100010100 19 19 24
11110110010001011010011001010011000 11110010110100111100000111000100100 18 18 24
11101010011111000110000100111001000 11101001001111000011110010100100100 20 20 24
11011100100011101010001110001110000 11100101101010100110101001110100000 22 22 25
11110011100110100100010011111000000 11011001010010110110010100110100100 21 21 25
10110111100101001101001001001101000 11111000100011100101001100111000100 23 23 27
11100100111011000110010011100011000 10111110010100110100011010010100100 21 21 26
11101011000010111100110001100100100 11101001110100011010001110001011000 19 19 25
11110101111110000010011000110001000 11011100110100100111100101001000100 20 20 25
11001111010010010110001101100011000 11011110100001100011101000111000100 21 21 26
10111110010011101001000101100011000 11100011110110001100110001011100000 21 21 25
11011010010011010011011000110100100 11101000110100111110100010001011000 16 16 24
11010101101010011100010011001011000 11111000100011100011001111100000100 19 19 24
11010011100110010011001100110101000 11110011000101001101011001001100100 18 18 25
11101001011001110000111001001101000 10110100111010011110000110101000100 20 20 24
11111001100010010011101001110100000 11110100010011100101001111010010000 17 17 25
11101011011000101001001101001100100 11100101010100111101001001110100000 18 18 22
11100101001101001011010100110100100 11110110001001101100100011100011000 21 22 27
11110011010010011100010100110110000 11101111010101000010010011001010100 16 16 25
11110110100001101100100011110000100 11110001111001100000110111000101000 23 23 26
11001100111010110001001101101000100 11010110110010011101001100001011000 23 23 26
11101001101000110100111100001011000 11110011010010100011001100110100100 18 18 26
11011101001010001111001110001000100 11111000110001011001001011100101000 23 24 26
11011010011011000101100101001011000 11111100010100010011110100101100000 21 21 24
11110010011101001010001101110010000 11010011100110110001101000110010100 23 24 27
11111010011001010101001110000100100 11001100111100001110110001110001000 22 22 23
11011100111010000101001101010011000 11110101000101011000111010010100100 21 22 25
11111000111000001110100101011000100 11101100010110100101101000101101000 20 20 24
11111100101001001001101010010110000 11010010111100111100101000100010100 23 24 27
11011111000100001110100011010011000 11110001100101100100111010001100100 20 20 24
11110011101001100100010110100101000 11011100101001010110001011010100100 21 21 24
11111101000000111000110011001101000 11011011000111010001110101000010100 21 21 26
11110100110010011110011100000100100 11100111100001111100100101000011000 19 19 25
11110001001110101100101100100011000 11101010011000111110100000111000100 18 18 23
11011010010011110010101100001011000 11100010111110100011001010100100100 17 17 24
11110101000100101110010111000110000 11001111010100110010101000110011000 21 22 26
11110010100011011001010100111010000 11101111000010100011100101100011000 18 19 24
10101110100110010111001101010100000 11010110011110011100001000101110000 22 24 26
10111111000100010110100100111100000 11001110100100111010011001001101000 18 18 24
11101101100110001010010101010010100 11011100100011100101001111000110000 20 21 24
11011110000110010010111101000110000 11100111000011111000111001010001000 18 18 23
11001111001001111100101000110000100 11101001111001001010001100111001000 22 22 25
11100011111100001100011100010100100 11110110100101110000111100000011000 20 21 23
11111010001111100000100110010010100 11111001110000100110010011010110000 19 19 25
11111101000001011010100111001001000 11100110011100011100010010111010000 18 18 26
10101111010010100111000111001001000 11110100110100010011101001100110000 22 23 25
11101101001100100100111110000110000 11111010010010010011001011010011000 19 19 25
11111001100000111011001010010110000 11110100110011010100011010100010100 21 21 25
11100111110000100110011100010100100 11101001110010011001100011100011000 20 20 24
11100010101101100010111100010011000 11011101001100010101001111010000100 21 22 23
11001111100001101001100011110000100 11101001110000111010011010001101000 20 21 25
11110110000110001011100010111000100 11110010101100011110000111000011000 19 19 23
11101001110010101100001011001010100 11110010110100001101101001011100000 21 21 25
11111100100100101001001110010100100 11101001110011010011000101100101000 19 20 23
11110011001000111001011001001100100 11110110000101100101001110010011000 18 18 24
11011101000110011101000011001011000 11110001101100001101111100001000100 23 23 25
11110100100101100110010100111010000 11010100101111100001001101001010100 17 17 23
11001110011001111100001001100110000 11011000111011100110010010010010100 20 22 24
11110100011010101001100011010100100 11101110110000100111100101010001000 23 24 25
10111100010011111000111010010000100 11100111110100000110001100111100000 22 23 24
11001111000110010011001010110011000 11111010000011110010010111000110000 20 20 27
11110011010001011101010010011010000 11110101001100011000110110101001000 16 16 25
11101011000101001101100011010011000 11001110110010011110001011000100100 22 22 25
11111011000010110100100110100011000 11110011010011010001101000111000100 18 18 24
11010011101100100101100101010010100 11110011110000111010100010001101000 21 21 24
11011100010011100100101111001000100 11111001000100110011100101001011000 17 17 26
11100111100001001110101001010010100 11110110000100111100011010001101000 20 20 26
11101110010110010000111111000001000 11111001111000001011100001110000100 19 21 24
10111001011011001000110011010101000 11101010001110100111010001001100100 20 20 26
10110110101010011100011001011000100 11100011011100100110001101001110000 20 20 24
11011010011101111000001100010100100 10111100110100011110000011100011000 19 19 25
11100111000111011110000001110100000 11110100110100010011010110100100100 22 22 26
11011001101101100110000100111000100 11100110011100001111001100100110000 21 21 25
11111010100100101010100110100100100 11100101110011000011101100001011000 22 23 25
10111001101100111000100111000110000 11100111101000011001010011101000100 22 22 24
11100111110011001100001111001000000 11010011110101001001100110011001000 18 20 25
11101111011001001001010001010101000 11110001001110010100111001001010100 22 22 26
11101101010011010100101001011000100 11111001001010011010011101000101000 20 21 26
11100110111000100011001110010011000 11101110000111000101110100100100100 20 20 25
11101010110001010100110100111001000 11100111100110001100100011100100100 19 19 26
11100011111100010100101001100100100 11110110001001100111010010010011000 20 20 24
11011100001111000101100100110011000 11100111001110010100011001001100100 21 21 26
11100101110100110010101001010011000 10111010001011101011100010001100100 20 20 25
11110010011110001001110100001110000 11101110010011000110011010010011000 20 20 26
11100011111100010110101001001010000 11010101010100110110010011110000100 17 17 22
10110011101101001110001001110001000 11100111100100001111000100110110000 20 21 25
11101000111111100001100100010100100 11110011100011010001111001001001000 20 20 23
11010100110111010100011000111001000 11110101010001011011000111000010100 21 21 25
11110011000110111010001101000110000 11101001110100100110001101001010100 20 20 24
10101101001110011110100100011100000 11110100011010101000110110001011000 22 23 25
10110111001110001001010011001100100 11111101100100100101010001011001000 21 21 24
11110100101000111101000110001110000 11100111110001001001110100110001000 20 20 24
11011110100001100100111100001100100 11101001100111010100001111000101000 17 17 23
11010011111001100111000010100010100 11100101110100001111001000101101000 18 18 22
11100110101000110011100101100010100 11101010001111100011100010011010000 21 21 26
11101100010011001111100010001010100 11100110001110010011100011011010000 19 19 26
11110100011100110110000101001010100 11011110100101000011110010010101000 19 19 25
11110011001001101100011001001101000 11011000111101101000100101010010100 20 20 24
11110001001110011001010101100011000 11011010011101010001010010101110000 19 20 24
11101010011001010011100101111000000 11111001011000100110111010000101000 16 16 22
11110010110001001110001100110011000 11011110001011110000100101100100100 21 21 24
11011000110101111000001010110010100 11100111001010011000111101010010000 19 19 24
11101110010101000111100110001010000 11111000100011011100110001100011000 21 23 25
11111101000011101001001100010101000 11110011001010010011011010100010100 20 20 26
11111111000100010110010100101000100 10110101110110000110001101100110000 22 23 24
11101001100110010100110110100100100 11100111100100011001001100110011000 19 19 24
11010011110100100101001110101000100 11111100100011000110010011001101000 19 19 25
11101001010011100111100110010000100 11100110100111100001100010110011000 21 21 25
11110011010101000111000011010010100 11110100100101100011100111100001000 20 20 26
11010111100100011101000011010010100 11110100110010010011011001001101000 19 20 24
11011101000011111100010001001011000 11011001100111100010001100111010000 19 19 24
11011111100001010011001110110000000 11110010010101010011010011100110000 20 20 25
10111110111010001001100010100101000 11110001011101000101100010110010100 21 22 25
11101001011010001100110110010010100 11011010010011111100001001001101000 19 19 23
11111010010000111010110000111010000 11100111101101000010001011101001000 18 18 26
11010011001111100100011000111001000 10111011100100110001100011100010100 19 19 25
11110000111001110000111110000100100 11101110000111000110100101001011000 19 19 24
10111101001100100110110100011001000 11001111011001010100100011100100100 22 22 24
11110110010010111000001111001010000 11001100111110001011000101100010100 21 21 23
11001110010101110100010100111010000 11101001001101110010100011001011000 18 18 23
10111101100010011001101100100110000 11111011001100011001000100101011000 21 21 26
11010101001110001100110010111001000 11100010111100101110000101001100100 20 22 25
11011111100000110100101100101000100 11100110001100111101110000100101000 21 21 25
11111001010100011001110000110100100 10111101111000100011001001010011000 19 19 26
11001110110001111000100110001110000 11110110001001011100011000111100000 19 19 23
10111110000111000100101111000010100 11110010011110000011010011100101000 19 19 25
11110100101011000011001101001110000 11111001001100101011000110011001000 17 17 22
11111100100100101001110010011000100 11101010100110110010011111000001000 18 18 24
11111011000111100010000110010011000 11001011100101100100110011001110000 20 21 24
11001100111010101100001010111010000 10110011111100100101100001001101000 17 17 25
11101110010100100011100010101100100 10101011101011100010001101100011000 20 20 27
11110100101001100111011000001100100 11110101001010011101100010010011000 17 17 26
11101001111000011001110001001101000 11110011100010010100110100110100100 18 18 24
11011101001110100100111010001001000 11111010000110100100101110110010000 23 24 26
11110110001010011100111001000100100 11111001110100011010100100001011000 21 21 25
11111001010011001100010011011000100 11101001011110010001001101100011000 19 19 26
11110010100111111001000011001001000 11110101100110001101000110100100100 17 17 23
11110001111101000100010110100010100 11101010100101100100111100001101000 17 18 22
11101110000011111100000100111010000 11001111001101000101101001001010100 21 21 25
11011001110001110001011010001101000 10101111000111100010110100010010100 19 19 24
11011000110011110000110011110000100 11110101110010100010110001011001000 19 19 23
11100110011100100011101100100011000 10111110010011100000111010011000100 18 18 24
11101101000111100010010011110001000 11111000111100011100000110010010100 18 19 25
11111010010110010010110010010100100 11101110100010011010101001001011000 19 19 26
11100110001111000011011100010011000 11011001110100011100100110001100100 21 21 25
11100110100011100111100010010101000 11011100001111001100110010100010100 19 19 24
11110011010001110000101110001110000 11010011101010010011111000100010100 18 18 24
11001011011001100011010011101001000 10111001001110001110010110001110000 19 20 26
11111001100100101001101010011010000 11111011110010010010100100101000100 20 20 26
11111010010010100110100101100011000 11010100110011111101000111000010000 20 20 24
11100111111100000100100010110110000 11101001110011000100111001001010100 18 18 24
11101001110001100011101010011001000 11111100110001100010100101100010100 18 18 25
11010111001001010011011100100100100 11001111010011111000000111000011000 19 19 24
11110010010100110110110010010100100 11101100101001011100011000110011000 17 17 22
11010011101100011010001101100101000 11111001001011001001101110000100100 21 21 26
11001101001011101001110011010001000 11011110010101000110001110011000100 22 22 23
11011111000110100100010011001110000 11111110011000110100000111100001000 18 18 27
11101110010011100100110001110000100 11111001001100100101011100001101000 21 21 24
11101100011000101111001000101100100 11100110110010010101001011110001000 18 18 25
10111011010000111010100101100011000 11110011001100011101001010011000100 16 16 22
11011010010011111100010010101000100 11100101011101000110101100001011000 20 20 23
11010011101001101001101011001001000 11111001001010100111001001110010000 19 19 25
10111101000100111001010100110100100 11100011111000110001001110100011000 20 20 26
10111111101100101001110001000001000 11111100011100001010100011011000100 17 17 22
11100110011010101000111010001101000 11101111000010100101010011100100100 19 19 25
11100110110010001110101100010110000 10111011110101001100010000110011000 19 19 25
11010011100101010011100011010011000 11100111000111101001001001001100100 18 18 25
11100110011001100011110011001000100 11011000111010001110010011001110000 19 19 24
11011110010110001110010010001110000 11110011011000011101001010101000100 17 17 21
11100110010011101001011001011001000 11101000111010011010001110100100100 20 20 26
11100010111111000101010010100010100 11011010101011000100110100111010000 20 22 25
11100011101011000100101110010110000 11011111001000111000100101010010100 21 21 25
11011111100001000011110001010101000 11100110001110110011001000110010100 19 19 25
11111100101001011000110000110110000 11011010010100111110100011001000100 21 21 23
10111110000100111110100010100101000 11110000111110011010010010010100100 19 19 24
11101100010111010000111000110010100 11101110101000011001001101001110000 20 20 26
11101100101101001001001110101001000 11010100101110111100100001100100100 21 21 26
11100011101111000001100100101100100 11011110010010001110011001101001000 22 22 26
10111100100100111100011110001000100 11001111000011001011100110100101000 20 20 26
11010011111000110010011001100010100 11001111100100111010011001001001000 17 17 24
11100110011001011001010011011000100 11011100010111000011100110100101000 20 20 22
11101001111100011010001010011010000 11110101000110011010010101001010100 19 19 24
11100100111101001010011000111100000 11011100110100001101110001100010100 20 20 25
11111101000110010011010000110011000 11001110001101011110001001001110000 21 23 25
10111101001000111110001100100101000 11001101111001000011100110010010100 21 21 24
11111000011110001010100100110010100 11011001100110001110010011110010000 19 19 24
11110111000110001111000010011000100 11100101001110001100110101001011000 20 21 24
11101001111001000111110100000011000 11111001100001100100110100111000100 19 19 24
11110101100010010100110100110011000 11011110010100110001010011100100100 21 21 25
11101100100101001011001101110000100 11100111000100110111100010001011000 18 18 24
11111001101000111000101001110010000 10111001110100101101000110010010100 22 22 24
11101101110100001110000110011000100 11111010100100110001011100001011000 21 21 27
11101010011001010011110010001011000 11100111101001100101000101100100100 20 20 24
11110001001101011011001001011010000 10111111001011001000100111000101000 20 21 23
11100100111001111101000010100100100 11011100110010100111000010110011000 22 22 25
11110010100111110000100100111100000 11101001110110010010110100001100100 16 16 22
11101100110001001110101000101010100 11101011000111001001001101110001000 19 19 25
11110010011010100111100000111000100 11010010111011001001010011001110000 16 16 25
10110011001110010101100011101000100 11111000101110001110000111000011000 18 18 24
11100100111100110001010011101000100 11010011110010011101010010001011000 21 21 26
11011110010010001111110001010001000 11111001001010110010101000111100000 20 20 22
11011001100110110100011100110000100 11001111001110000110001110010011000 22 22 26
11010011100011100010111010001010100 11110011001010011010010011110001000 19 19 25
11101001010010111101100010010100100 10110111010010001101100011100011000 21 21 26
11100111100010011010011010001101000 10111100011110010100011001011000100 20 20 25
11101000110011101010011100001100100 11100101001110101001100011110001000 18 18 25
11110100110101010010010110011000100 11001110010100101111010010100011000 20 20 23
11011110100111000011101000010101000 11110001111100110100100101000100100 19 19 24
10111110100101000101101101010010000 11101100100110100011101010001101000 17 17 25
11111001010100011001011000110110000 10111011001010100011010101010011000 18 18 25
11110011001001110001101001001010100 10111100001111110000100101010110000 20 20 25
11101001011101011000011100110001000 11110011000111100101010000111000100 22 26 25
11110011001001111010101000010010100 11111101000010100111100101000110000 18 18 24
11111001000100111000101101010100100 11101001111001101000011101010001000 19 19 26
11110001101001100011110010001110000 11011100100110011000110101100011000 20 20 24
11111000010011110010100111001010000 11011101011001000110010011010011000 22 22 26
11110100100111000111100100110100000 11110010011110000011010100110100100 19 19 26
11111101010001001100111100000010100 11101001110001010100111010011010000 20 20 24
11110010100111100100100101101010000 11011110110010001010011100010010100 22 22 25
10110110100101100110001101001110000 11110001011011100110001000111001000 21 21 25
11111001010011000110001110101000100 11011110100100110001100101001011000 19 19 25
11100111110110010010100011001000100 11110110001100100111101100000011000 20 20 24
11110001100011111000010011101000100 11011000111110100010001110001101000 20 20 25
11101100010110001111100001100110000 11001111011000011001011000110010100 22 22 24
11110110011110001001001001001011000 11100101010100110011111001001100000 22 23 25
11101011010100011001001101110100000 11101001110101000011110100001100100 18 18 24
11111000011101010011110000011000100 11011101001000111000111000101011000 19 19 25
11011101001000110011001101001100100 11111000100111011000011100010011000 22 22 26
11010011100111010010001100110011000 11011010010011010011101001001110000 21 21 26
11111010010110100110001100100011000 11100110101001100011001110101000100 20 20 26
11110010010100111010011110001001000 11011100001011100011110011000100100 20 20 26
11101110100101101000011010010110000 11110001110000111100100101010010100 24 24 26
11001110101100110100001110011001000 10111101010011000011100101001100100 20 21 26
11101001111010010001011000111001000 11011101010010010100101101100010100 19 19 25
10110110001111100100100110010011000 11011111100110001000101100100100100 20 20 24
11011110100010101001101010011000100 11101011101010101001010100110001000 19 20 25
11111011110100000100110010010011000 11001110100110100110001101110000100 21 21 25
11101001001111000111010010100110000 11110111010011000101001100010011000 22 23 26
11110010101100011010010011010110000 10111100011101101010000111000010100 23 24 25
11111101000100101010010100111001000 11100111010001001101100011001110000 19 19 26
11101001111000111001000111001100000 11110011100011000010111000101100100 21 22 26
11111000100111000100111110001100000 11011111010011000100100100101100100 20 21 24
11100101101100011100010011001100100 11111010001010100100110100111100000 17 17 25
11101011000011010111000011001010100 11011110001000111100001110011010000 17 17 25
11110111001001100011010010001100100 11101010010010111000111001100101000 22 23 27
11100100111011010010010100110011000 11011001100110011110001100100100100 20 20 25
10111001101110000110001100110100100 11110011100011000011110001001011000 19 19 25
11110101000010111010110001100101000 11100101101001100011010100111000100 20 20 24
11111100001001101000111000110010100 11101110000110100111010001001101000 19 19 26
11111001001101111001100010100010000 11101001001101100011011011010000100 18 18 24
11101100001110010110010011001110000 11001111001100010011011101000011000 20 20 26
11011100010100111010010011110001000 11110011110000101001100110010010100 19 19 24
10111010011101001010010011001110000 11101001001111110100010011001001000 21 21 23
11111000011110100001111000001011000 11011010100101001110011010011010000 20 20 24
11111001000111100011001010011010000 11011010101001011000110011101001000 19 19 24
11110001001110101110100010100100100 11011010011001111000100100101011000 19 19 25
11101001101101100011001001010010100 11001111110000100101010101001101000 18 18 24
11110100101010011001110000111000100 11100111100010101010010011111000000 18 18 23
11101111101000010110001000110011000 11001101001110110000111011001010000 20 20 24
11011110000101001111100001100110000 11111000110100011100001110011000100 20 20 23
11101100100101110001100110001110000 11100100111101001000111100011000100 20 20 24
10111110100011100000111101001000100 11110010110100011100010011110010000 20 20 25
11101001110011101000011010001110000 11100110010100111010001011101001000 20 20 25
11101001110000111010100101010011000 11010100111110110010010111000000100 19 20 24
11111001001011010001010110001010100 11101001101000111101000011101001000 21 21 26
11111000110001010011001110011100000 11011010011110010001010011001100100 18 19 25
11110100010101100011110100011000100 11001111100110000110100011001110000 19 19 23
11110010010011110010100100110110000 11011001001100111100010011010010100 20 21 26
10111110000110010010111110010010000 11111001000011001101110000101011000 20 20 25
11110100111100001100010101001100100 11101111010000100101010011010011000 18 19 25
11110001110100111000010010101110000 11010101001111100011010011001000100 22 23 23
10111010011010110100111100001000100 11101001100110010100110101001011000 22 24 25
11100111010001110010100110011000100 11110100011011001110011010000011000 22 22 26
11101000110101101001001101011000100 11100111110000001011010011001011000 20 21 26
11111011001000100111001000110100100 11111000010111001001001110010011000 18 18 25
11110111001010010001100110001011000 11100111010011001011110000011000100 22 22 25
11100011111000100101110010001100100 11011111000011000011011110000011000 17 17 25
11111010100101010011000110011010000 11010011111100100100100011100010100 20 20 24
11011001010101001111101100001010000 11111001001001010011011010011001000 18 18 21
11010101101101001010001011010011000 11100100111110010010100111000100100 17 17 21
11110001010011001110110001100100100 10111101000101101011000111000101000 20 20 25
11001101100011111000101100011100000 11101100011100011110100001001100100 22 22 24
11101101010110100100010011001100100 11111001000111010011000111000011000 21 21 27
11100110100111111010000110001001000 11110110001110000100111011000110000 19 19 24
10110111100011001001100011011001000 11110110001000110111100011000100100 24 24 27
11011000111100100011010100110100100 11001110011101001011101000100101000 19 19 22
11101001100011011001100010111001000 11100100111010001100111010100110000 21 22 27
11011101011100110110100000010100100 11001110001111000101010011001011000 19 19 23
11110011001110000100110101001010100 10110011100010110101001110010110000 19 20 25
11110100110010011111000000111000100 11111001001010110001011010001101000 19 19 24
11111110100001110000100111000010100 10111110110000010110010011010110000 23 24 26
11111100001001001110111000101010000 11011101000100110111001000110011000 18 18 24
11110001110000110110001101101010000 10111001011100101001011001010011000 21 21 23
11101110001001101010011100110010000 11001110011010100011110011000010100 22 22 26
11101100011010001101001100111010000 11111111000110001100000101101000100 17 17 26
11110001001110110100101000110011000 11011110100110110001000011001100100 20 20 24
11011110011001000110011100001101000 11001111100001001101100011101010000 19 19 25
11110011100001110001110010011001000 11010011111000011101001001100100100 22 22 25
11110010100110010010111010010110000 11111010001100110010100101010010100 21 21 25
11110110100000111001010011010100100 11101001100110111000100101001101000 19 19 24
11101001100110001111111100000010000 11100111001001101001010010111000100 19 19 21
11111000111000100111010001110000100 10111000111000110010110100110011000 21 22 26
11101111101001001010001011001001000 11011100110011100010100110100100100 18 18 23
11101001110010100110001101001101000 11100100110011010011111000011000100 21 22 25
11010011001110001101110010011001000 11011101001111110000001000110100100 21 21 24
11111000011111100011100000111000000 11101111100000100111000110010011000 18 18 24
11100110011100011000111101001000100 10111110011000010111000101100011000 18 18 23
11011101010001111001000100110011000 11100110011101001001001111010000100 20 21 22
11101100110010010110011000101011000 11110011001010100101110011100000100 21 21 24
11100101001101100011100110001011000 11101001101000110101101000111000100 18 18 25
11110100110100101001110010001100100 11110010100111100000111100101001000 19 19 24
11011101001011001010001100111100000 11010011111000011001110001100011000 20 20 25
11010011011100100111001011000100100 11111011011000001000101011100011000 22 22 27
11011101000111010001110101001001000 11100101100011011101100011011000000 21 22 25
11100101101001001101110001001010100 11101110100000111010011100011100000 20 21 25
11111001100000111000101101101000100 11110111001111000100101001000011000 21 21 25
11101011010110001001100111000011000 11111001000110001111101010001000100 18 18 25
11101001010011111010011100100001000 11110010011011000100111100100100100 20 21 24
10111010001111000010110110010011000 11110100011001101001110110000100100 19 20 25
11111000001111110001010010010010100 10110111100100110011011101000010000 21 22 25
10111011000111110100000110011001000 11111100001100011011010010110010000 20 20 25
11110101010100101001001010111000100 11100011110101000110011011010001000 22 22 26
11110010110001011010001111101000000 11010110001111100001101000110010100 20 20 23
11101001101001010011110000110100100 11100110100100110110001011110001000 18 18 24
11010111010110001001100110010100100 11101101000110010110001101101001000 20 20 23
11011101010001010011010101001110000 11111110000010011011000100110010100 19 19 25
11110100011010111000001111001000100 11111100111000000100111100010101000 18 18 23
11111100100001100011111001001010000 11101110010010101010011001101001000 19 20 24
11011010001110101101000011100011000 11111000101001001101100100111100000 20 21 25
11100100111100101010011001100100100 11101001001111100100100110001011000 19 19 25
11101100110010011101000100111000100 11111000101110010100001111010001000 18 18 24
11101010011000110110010010111010000 11101001110011001001001111011000000 21 21 25
10111100010110001110110010010011000 11100011110010101010011001100110000 20 20 25
11111001100001010011110001010011000 10110011001111100011101011000000100 18 18 24
11100111010100101000111100011001000 11110100010110100011100111000100100 19 19 23
11101001111100001001001110010010100 11001110001101010100111001001101000 19 20 25
11100011100011010011001101100010100 10111110100010001111001001011001000 21 22 27
11011010010011100111000010101101000 11110100100110001011110100100100100 17 17 25
11110110100100100111100001010011000 11100101100100111001010110001100100 21 21 25
11101110010011110000100100111010000 11110011100000111100101001001011000 20 20 25
11111000011110011000101001101000100 11011110000110010011001101011010000 18 18 23
10111101010100101101010001010010100 11100110100101001110011000101110000 19 19 24
11111010011001001000111010100011000 11101010011001001110001101101000100 18 18 26
11101000111101001010001110001011000 11101010101100100101010011010100100 18 18 24
11110100011100011001010011010010100 11110110100001001110100101001110000 18 18 24
11111010001111000100011101001001000 11100111100001101010011001001100100 18 18 22
11101110110000011010100011010010100 11101000111011100011001010011010000 21 21 24
11101100110010011001001111100000100 11001011101110101100001100010011000 20 20 24
11101110101001111001000010001110000 10111111000110000110100101010011000 18 18 23
11111000101000111110000100101010100 11011011110000001101110110001100000 17 17 24
11111110010010001101000101001101000 11101100100101110001100011010010100 19 19 25
10111100101100001111001100101000100 11111000100110010101001110001101000 20 21 24
11100111110011000010011011000010100 11101001100011010011110100100101000 20 20 26
11100011110010100011010110100010100 11101110001010010100110100111001000 18 18 26
11111101100001001101000011011001000 11001110011100100011100101001100100 21 21 26
11101100010111010001001100110101000 11001110010100111110100100011000100 19 19 24
11110010010111101000010011111000000 10110011100111001110000111100010000 18 18 23
11100100110101011000110011011100000 11110100101001100110111000001100100 21 21 26
11111010100111100010010010010011000 11100101001011100100110101001110000 21 23 25
11100110111000101100110010011000100 11011010001101110010011001001110000 21 22 24
11111010101001110000100110100100100 11100011011100010011010011010011000 18 18 24
11110100010111100010011110000011000 11100101011001010011100111000100100 19 19 23
10111010011011100101000100101110000 11111110001000101001101100011000100 20 21 24
11100100111010100111010011100010000 10111001110010011010010011010010100 23 24 25
11101110000110010011111000010010100 11001111001001101010011100100110000 22 22 24
11010011101100001111001001110010000 11101110110100100100100110010010100 22 22 26
11111100011001100011110001001001000 11110110010100110100101000101010100 18 18 25
11010100111110000011010110100011000 11101100110010001110011010011000100 17 17 24
11111000010101110100001111001000100 10110100111110001010011001110001000 17 17 23
11111010011000011111010001010001000 11010100111011101000011010010010100 21 21 26
11111001001000101110100011110000100 11111010011101010001001000111001000 18 18 25
11111001010100010011110110011000000 11011111100001110100000010110010100 20 20 25
11111101001011000011100011000100100 11100110001110011001100010110011000 21 23 26
11101110010001111010000110101001000 11110010011111001000100011001100100 20 21 24
11101001110110100101100010011001000 11110010011001101000111001001010100 21 21 25
10111101010010011101000100111000100 11101001011110010000110110110010000 21 21 25
11110100110100001110011100110001000 11101010011101010010100011010100100 19 19 24
11101110010011001001001100101010100 11011010011001110010010011011001000 19 19 25
11110001011111000110000111010010000 11101011100001100100111011001001000 17 17 24
10111001100101001111100001010101000 11111001001111101000011100010000100 21 21 22
11001111011110100100101000110000100 11111010011001100101000010111010000 18 18 24
11001110010101100010110100110110000 11011100110010011001001101011000100 19 19 25
11010110011110010100001101010101000 11011100110001110010011110011000000 18 19 23
11111010010110000101100110010011000 11101010100101011000101101010100100 19 19 25
11111010010011100110001011000100100 11001111110000110011000101111000000 21 21 25
11110011000110110100100110001011000 11101001101010100110101110001000100 22 22 26
11011001101001110110001010001011000 11111110001001100011000011101000100 21 21 27
11110001110001100011101001111000000 11111011000011001100100110001101000 18 18 24
11110101110000111000110110100010000 11010010111110010101001001100011000 22 23 24
11110110000110011000111100100011000 11111001110000001110110001010110000 18 18 25
11101001100110100111001000110100100 11111001001110001100001111101000000 20 21 26
11001111010011101000101000110100100 11101010010110010100111101001001000 18 18 22
11111010001101001100110010011010000 11110011011101000101010100100011000 19 19 25
11111001110000111000010011110000100 11110100110100011001001110010011000 17 17 25
11110111000110001001001111010001000 11011011011000100110010100110110000 19 20 25
11011010100011100011011011000010100 10111000110111001001101001101001000 18 18 25
11110010100011010111010010010100100 10110111001001100110010011001011000 18 18 25
11101001100101001110110101000110000 11101010011001010110001011010010100 20 21 23
11010011101110101001100011000101000 11001101110010010010111001110010000 20 21 24
11101010011101100100110001001101000 11100101010011110011110001000010100 19 19 24
11110000110100110111001111000000100 11010111001001100101001110010011000 19 19 23
11011001111100001110000010111100000 11001111001011000110100110100010100 20 20 26
11001111000011111010100001011000100 11011111000011000011100011100011000 20 20 26
11110101001010010101001101100101000 11001101110011101001000100111100000 18 18 23
11001111100010011001111000001100100 11011010110001100110011000110011000 18 18 24
11101001100101100011111100000110000 11110010010100111101100011000010100 19 20 22
11100110001101010011101001001110000 10111100011010001110001100110010100 20 21 26
11100111111001001000001110100101000 11111010010000111101001010010100100 20 20 25
11110100111100110010010001110100000 11100110011100011011000101001011000 19 19 25
11100111100111010000100010111000100 11111110100001010010110100001110000 17 18 26
11010011110011000111001100100101000 10110110101001010010111010011000100 21 21 25
11110011101100100100010110001110000 11101100001101110010010011010011000 22 22 26
11011010011011001010010100111001000 11011001001010111100100011101010000 18 18 23
11101110010010100110001011001011000 11101010011000111110010110000100100 20 22 25
11101010011010010100110100111001000 11111011100101000100111000100110000 18 18 26
11011011100010010110011001110000100 11110001010011001101001111000101000 21 21 25
10110101001101001101001110100011000 11101100011000111001101010011000100 20 20 26
10101110101100001111010011000100100 11110010011011000111001001100011000 17 17 22
11101011000011010110101010001101000 11111000011100101110000101100010100 19 21 26
11001110110001010101100010110101000 11101010010111000011101010100100100 20 22 24
11101011100001100100101100110100100 11111000011110001001100011100011000 20 20 26
11101001101101001001010011001100100 11111100100100111000001111100001000 18 20 26
11111011010000110001110010100010100 11110000111101001110100110000110000 21 21 25
11011100100011110110100010011010000 11001111111000001100111000001011000 18 18 24
11111000010101001101110010011000100 11010101010011101010011001001101000 20 20 23
11001111100101010010001101010011000 11010011111110000100010011100100100 18 18 23
11111110000010110010100101001010100 11101100111100001010011110001010000 20 20 23
11111000010100111100010011100011000 11011111100010000110011010001100100 17 17 24
11011101000110011000110011010011000 11110001100110111000100110010100100 21 22 25
11011001001101010010111110000100100 11100110101001110011100001010011000 21 21 25
11101001100110101111010010001010000 11111010100010110001100101010010100 21 21 26
11101110001110100001011001001110000 11110110110001010010001100110011000 17 17 25
11001101001110011000111011000101000 11110111010010001101010001110000100 22 23 25
11010100111001011001001100110011000 11111100010101000100111001001100100 19 19 25
11010011101110111000010100101001000 11100101010011100111000101001100100 21 21 25
11111011000010101010100101010010100 11110001111100001110010110000110000 21 22 25
11011000111111000001010011010101000 11100111000110011000111101001000100 18 18 23
11110010011001100110001101001011000 11010011111000110100111100001000100 19 19 25
11110001100011011101000011010011000 11110101001100001011010100110100100 19 19 26
11110010011010001110010010111000100 11110100111100010001110001100110000 19 19 25
10111110101010010100100110010010100 11110100101011000011011100101010000 21 21 25
11110011011000010100110100101100100 11011100001101110100101001100011000 21 21 26
11111010100111000110011100000010100 11100110111000001110011111000100000 20 20 26
11111110010010011010000101110010000 11010101001111100101100100001010100 20 20 23
11011001001110010110001110011000100 11100111000011100011010011001011000 19 19 25
10101111110010101100010100011010000 11101100010100111100001100110010100 20 20 25
11111001100010100111101001100001000 10110011011100110101001000110100100 24 24 24
11111001110010011010010010010100100 11110100110010110010011110000101000 19 19 23
11011101001111110000010001001100100 10110111010001001111001001101001000 19 19 24
11110110001111000010011000101011000 11111000100101001101100011100110000 17 17 25
11110111001001001100110100001100100 11011101010100110010100110010011000 18 18 26
11011110010001001110100110010101000 11111000001100111010001101001100100 17 17 25
11110010101101001010011010010011000 11101110010001010011001110111000000 21 22 24
11111000101001100110011001001110000 11101110100011110000111000010011000 20 21 24
11010100110101101000110111000010100 11101001110010001101010011100110000 22 22 26
11011100110001100011110100111000000 11111000101010011010100100111001000 20 20 24
11111010011100001010101001100101000 11101010011001110000111101100000100 19 20 24
10110111101000001111100010010100100 11100111001011010100011110000011000 20 20 24
11101110010011000011100111000110000 11111100001001101001011000110010100 20 20 25
11101001100100101101001110101100000 11100110101110000110101001001101000 19 20 25
11001111000111100101010001100100100 11101100110001100111001000110011000 21 22 26
11100101111101000001010011001101000 11011001001011100011100111000100100 19 20 25
10111111000001001110010011011100000 11110001110010011001001101001010100 20 20 26
11011010100111100000101111000101000 11111000011000111101000110101000100 17 17 25
11011001111010000110001111000010100 11100100111010011000111100001110000 19 19 24
11100011110000101111001001011100000 10111110100011110100011100000010100 22 23 26
11011101100010100100111001001101000 11111101000010011001100100110100100 20 20 26
11110100011001110000111001001110000 11110011010010011100100100111100000 20 20 25
11001111000110110010011010001110000 11011011010100011000110101100011000 18 18 22
11101001011011010100011100001101000 11010100111011000110100100110010100 17 17 24
11110010110001101010100110010010100 11111101000011000110010101001110000 18 18 24
11111100100110011010000110001101000 10110101100011011010011010110000100 20 21 24
11101010011001101100110001100010100 11111000111000001011010100101101000 20 21 26
11111001001101001010110010010100100 11010010111001110100110100100011000 19 19 25
10101111110001100010011001001101000 11111111001010100010011100100000100 20 20 24
11100100101110101010001111100010000 11011110010100011001100011001010100 21 22 25
11110100100011110100010011101001000 11110010010101001111000110001100100 19 19 24
11101000111110000010110100101010100 11110011101001010100110001110001000 20 20 24
11110100110001111000001111000011000 11010100111111010010011011000000100 19 19 23
11100101011100010100111100100100100 11110101100010100111010011000011000 19 19 22
11011001110111000100010011001100100 11010111000100101011010100111100000 19 19 25
11110100111100010100101001001011000 11101010011001111001100011000100100 19 19 25
11110111001010010010010101101000100 11110110100001110100100101001101000 19 19 24
11111101110001000100110100001100100 11110011000111010011100011010001000 23 23 27
11101011010010010100111001010011000 11100100111001100011101010001100100 20 20 25
11011011000100111101010010011010000 11111010010011011100001001100010100 22 22 25
11011001100011111001010010011100000 11100111000110001100101101001011000 18 18 24
11010011011011100001011010010100100 11001101100011110010100101001011000 20 21 25
11011010010101010100111100101000100 11110001110010010101001011010110000 20 20 21
11110100100110001011111000001010100 11101010010011011100001110010110000 19 20 26
11111101101000110010001010010011000 10111001101001100100111001100100100 21 21 23
11001110100011011100010101101010000 11110111000100001110010100110010100 20 20 26
10111001110010100111001010100010100 11110010010101010011100100111001000 21 21 24
11101110011110000100011110010001000 11111100001111010000101010001100100 18 20 25
11001011110000111010010011100101000 11101000111110100100001101010100100 17 17 25
11101101100011100010011010100100100 11110100110110001001011000111100000 19 19 24
11011001100101001100111110000100100 11111001100100011100001110001101000 19 19 25
11111101000100010011010010111010000 11110011111000010011010011000011000 21 21 26
10110010111110111000010011010000100 11111100100110010010011000110101000 22 22 23
11101001110001100110101011000011000 11111001001110000110001110101000100 17 17 23
11001110011100011010001011101001000 11011100111000100011100110001010100 21 22 25
11011001010100111011001000110100100 11111001100100110001111001000101000 21 21 24
11001110101010011000111100100011000 11110110011000100101001100110100100 22 22 26
11101101110001100110001010010110000 11110000111110000100111010100010100 19 19 22
11110101010001011010001101100101000 11110100110101000011110010010100100 20 20 25
11100101001110100111000100110100100 11111010100100101001111010000101000 20 20 25
11101011100001001110101001101000100 11101001001111100111100100100001000 22 24 24
11110001100110110001101000111000100 11011010011000101111010010100011000 22 22 25
11010011110010011011001001100010100 11100110011000111001001100110110000 19 19 22
11110100101100010111001010011001000 11001101111001100110010010100100100 21 22 25
11011001001111001011001001001011000 11111100001001100011110011000110000 19 19 25
11101111100010110010100001110010000 11100111101000101001001010111100000 19 19 26
11110011010011101001001100100101000 11011101000110010011010100110010100 19 19 24
11110000111010001101010100111010000 11010110110010100101001101101000100 17 17 24
11101110000011100111001010010011000 11100111100010101001001101110000100 20 20 26
11011111100100001100101010010010100 11100111001100110001001110111000000 20 22 25
11011011100001101111000000111001000 11110001110010001111011001000100100 21 21 23
11110110001101001101000011100010100 11111100011000111010011000001110000 18 18 26
11110011101001001001100100111100000 11011010011000111010010011001011000 18 18 23
11010111011000100100110011110010000 10110110001101010011001110011001000 19 19 26
11110010011010010100111110000011000 11011001110100010011001101001100100 18 18 23
11111001100001001111010011000101000 11101001101010011100110100100100100 19 20 25
11100111100001101110000010110011000 11011100001110110010010101001100100 18 18 26
11110110110010001000110011010010100 11101100001101101010001111000110000 20 20 26
11110110001010011100010011110000100 11100101110011010011001010010101000 21 23 25
11010110011101010001011000110101000 11111000011000110011111000110010000 18 18 24
11011011010001100100111001001100100 11110010011110001100001111100001000 18 18 23
11010011010100111001111000100100100 11010101001011110010011000111100000 19 19 26
11101010011001100110101110010010000 11100110111001000110100011011000100 21 21 25
11110110010001110110010011100010000 11111000011100110010011100001010100 19 19 25
11010100111001110010010101100011000 11001110110110100100100100101100100 21 21 24
11011001001111010100111001000100100 11011101001010110010010011010101000 20 20 24
11010011101110101000100010111100000 11110010110010011011100001001110000 18 18 25
11110011000111001001010011010110000 11110100010011100011100101100011000 17 17 24
11110011100001100111100001110100000 11101000111001011100011010100011000 19 19 24
11101100100111100010010011010011000 10111110101101000001100100110100100 19 19 25
11101111000010111000001101110000100 11110010011100011011001000111001000 21 21 26
11110100100111011000001101001011000 11110011010110000111110001000100100 20 20 24
11101100101001110010110100001010100 11111000111001000011100111000101000 18 18 25
11100011011100010011100111000011000 11011001001111010011000011100100100 20 20 25
11110100011100100111100001101001000 11001101111001001100100101001100100 22 22 26
11010010101111100010100101001101000 11110010011010101001101110000010100 17 17 25
11110111010001010010011100011000100 11100011011100010011111001000011000 20 20 24
11111001100000110011010011010010100 11101001110010100101111001000101000 19 20 25
11111000111100000110011000110100100 11110110100110101001010011000101000 18 18 24
11100110010011101100011001100101000 11011110011100100010001111001000100 22 22 26
11110001100111000110110001010011000 11110101001110001010010110100100100 21 21 24
10111101110001101101000100010101000 11100110111000011010001111100000100 20 20 24
10111010011010001101011000110100100 11110100101001111000100011001101000 20 20 25
11110100100110011000111010001100100 11100111100000101110010011010011000 17 17 24
11011111100110000101001100010110000 11110000111110010001100011111000000 21 21 24
10110100111010101000110101100010100 11101100100100110110110000111100000 20 21 26
11110001101001001101001100111100000 11101110000101101001010011100011000 19 19 24
11011000111101000011001011011000100 11110010100111011000101001100011000 19 19 25
10111110110001001010011001010011000 11100111011100011001010001110010000 21 22 26
11100101001111001001001111100000100 11101001110100010100110011100011000 17 17 25
11111001010011101001001010010100100 11011100010011011000111001010011000 19 20 24
11110011000100101101100011110001000 11011000111100011010001110010100100 18 18 25
11111001100100101110000111000110000 11110100010100101101110000111000100 19 19 25
11010100101100110110001111001001000 11101001101010100010111001010100100 19 22 26
11110100010111110100100101000110000 11111011010100100000110011110001000 19 19 23
11111001100010011100001100110110000 11011010101001001110011001001011000 19 19 26
11110010100110111001100001010010100 11010011011010001101100100111010000 20 20 25
11100111001110001100011100001100100 11101011010010010110001111000101000 17 17 24
11011000110011100110001100110010100 11001111010000111100110001001101000 19 19 27
11101110011010001110000101010100100 11110101000110001101100011001011000 20 21 26
11010011100110011000111001010010100 11110010001101100011111100010001000 16 16 23
11111001101110000110001001100010100 11110101100100111001011000101010000 18 18 24
10110101101001001111010001001110000 11111001010001101001010010110011000 18 18 24
11110001001011100011001101100010100 11110110001101100001010011011100000 18 18 25
11111001011010000100111010010100100 11011110100110100111001000001011000 21 22 24
11110100101001010101101000110011000 11100111000101100010101101100110000 19 19 25
11110101010010001110010100110101000 11001100111001101100100101001100100 21 22 25
11100011111000010100111000101011000 11110110001010011001001111100000100 17 17 24
11101001100110110110100110001001000 11101010010010101110100110100010100 21 22 25
11100111101100100110101010000100100 10101110001110110000110110011001000 22 22 24
11111000100110001110100111000101000 11101100011100110101001001001010100 20 20 26
11110100010011001110001011010010100 11111100110001111000000111000101000 18 18 26
11110101000110011001010011010100100 11110010111111000110011000000101000 21 23 24
11101111001100100110001001110010000 11110000111110000100111101000010100 20 20 23
11101110000101110000111100100101000 11001100111100011010100111001000100 23 24 25
11101010011001001111000111010010000 11100011100110010011100101010010100 19 19 25
11101001001100111011100100110001000 11110110100100110110001010011000100 21 22 26
11101010011000110101001101001101000 11100101001011110000110100110100100 18 18 26
11111010000110001011011100010100100 11001111001100110011010000110101000 21 21 26
11101100101001110100110010010011000 11100111100101100011001001001100100 21 21 25
11101111110001000110001001100011000 11001110110010100110010110001100100 20 23 25
10111100011001001111100011000100100 11110011100001101001110000111100000 19 19 24
11101010011000111001100101001101000 11001011101010100011011000111000100 20 20 26
11110100101001001110011001011001000 11100111100010011100001110100100100 21 21 26
11101001100011101110001001100100100 11100100111001100011100100111100000 18 18 24
11110100101101001010010011100100100 11110010111000011001001100111001000 17 17 24
11101100101010011100010010110100100 11100110001110111000001110010011000 18 19 24
11101010100111010100110011000101000 11110101001010100111101010010000100 17 17 24
11110010100110010100111100011100000 11011100111011001000001011100010100 19 19 22
10111000111010100100111010011001000 11100101010011110100111000010100100 19 19 23
11111011000100011110010000110101000 11010111100001100110001111001010000 17 17 21
11111000110010011010100100110011000 11101100010011010011010011010100100 19 19 26
11101110000111100010010010110100100 11010101011000111001100101001101000 19 19 23
11100111011001110001100010010010100 11011100010011101110011001010010000 23 24 25
11011100101100010110001101011001000 11110101000101011000110011100010100 18 18 25
11101110000011001110011110000011000 11001111010001011000101011100110000 17 17 23
11010100110111100001101010010011000 11110011010100101100011100100110000 20 20 24
11111011000000101101001101101001000 11101111101100010010000110010100100 18 18 24
11010100111010011011010100110001000 11001111101000011100100110010100100 19 19 24
11010011110100100110100011001110000 11010100101101101110001011001000100 22 22 26
11001110001101101000110010111100000 10111110010100001111001010001100100 19 19 25
11011100001111000110100110001110000 11111100100100100110010011101001000 18 18 25
11101111000010100111100010010100100 11100110011101000011100011010011000 20 20 23
11110110101001001111000000111100000 11110001011100001101001101001110000 20 21 24
11110011100110010001010100101110000 11110111100100100101100100100011000 21 21 26
11110011111001000010101000110100100 11101111000101001110010110100100000 20 20 25
11100111100010010101001111000101000 11011100110100010011010011001100100 18 18 23
11001011101100011011010011000011000 11111010000100111010001101100100100 17 17 23
11110011100001110001110001100011000 11101000111000110111110000001110000 19 19 26
11101001101011000110001101010010100 11001110011100011100010010111010000 19 19 26
11100101100011110101110001010001000 11101100001110011100011101000010100 17 17 25
10111110110101000011001001100110000 11110011000111010001011011001100000 20 20 25
11011001101000111100010100110011000 11110010110010100111001001001110000 19 19 24
11011111000110001110011000001110000 11111000110010011010001100111000100 17 17 22
10111011000101100011001110001010100 11011010111100100010010011101100000 20 20 26
11111000111100101000110001100100100 11011110100110100011001000110101000 18 18 24
11010110010010111000110111000010100 11101001111000011011100000101101000 19 19 26
11110110000100110111001001100011000 11111001011000110110000100110100100 21 21 26
11110010001110110011100010100101000 11101001110101001100011010011000100 22 23 26
11101000111010110100100011001011000 11001011001100111101100011000100100 17 18 24
11111000101001110100001111011000000 11011010001101001111001110000101000 20 20 25
11010110011100100011111001000100100 11110010100101101000111001100101000 19 19 21
11100111010011010001110100100011000 11101100011101001101000011011000100 22 22 25
11100101010100111110000011010011000 11101010100101001111001101000100100 20 20 22
11100110100110100100111010011000100 11110110001010011110001000101101000 19 19 23
11101001010011001111110000100010100 11010100111010011000111100011100000 19 19 25
11100011010111010001001100101010100 11011111000010011100110110001001000 21 21 26
11110010011011011000011101000100100 10111100111000110110001000110011000 21 22 24
11111000110010101001010011001011000 11010100110101001111000100111000100 19 19 25
11100110001101001110100110010010100 11101100101000111001101001001101000 20 20 27
11100111011010001100011000110110000 11110100011011000011100110010011000 20 20 25
11111001101100000101001110010011000 11011100001110010011011100001110000 19 19 26
11101110011100001110000010101011000 11110010011001001110101001010100100 20 20 26
11110001011000111100110100011000100 11011101100011110000001011010101000 22 22 24
11010101001111001110000110001100100 11100110010101001110110010101001000 19 19 23
11100111000111001100011001001101000 11110100100101001100111010101000100 18 18 24
11101001101111010100011000101100000 11111100100101000100110100101100100 20 20 25
11100111101100010001101110010001000 11011101100101000101100100110100100 21 21 25
11101001001111001100101011000100100 11100111001010111100100100001101000 20 20 22
11101001111001100001100101001100100 11001111110000101100011110001100000 22 22 25
11101011101000110001001100101110000 11011001011000101111100001011000100 21 22 26
11110011001001011101010000111000100 11110110001011001001101001110001000 19 19 25
11010100111101101010100010010010100 11110001011001001101101001001110000 20 20 23
11110011101001101001001001001101000 11110100101101000101001110101000100 20 20 25
11111101010001001100110100011001000 11001111101010001011001011000010100 21 22 25
11110011100010011100001011100110000 11110100110100110001110011000011000 20 20 25
11001100110110110001100011011010000 11010110100011101101100010001011000 21 21 24
11111110001000111100010001100010100 11010100110011011000110100111100000 18 18 24
11110011010000111010100111001001000 11011111000101100100110100010110000 20 20 25
11111001100100110110000111100000100 11101111000010001110011000101101000 21 21 26
11101010011111010010001010100100100 11110011010010110001111000010011000 18 18 22
11101100110011100110001001100110000 11111001010100100110100110010011000 22 22 25
11111010000100111001110010010010100 11111110010101001001001010110001000 17 17 23
11100010111011001100010011001011000 11101110010001110010010110011000100 22 22 25
11010011101001001101100011001100100 11110101000111010100011000110011000 20 20 27
11110010010011100100111110010010000 11110100111001100001001010101010100 19 19 25
11101011100010010011001010111000100 11110100100111010010101010001110000 19 19 24
11010011100111100010100111001100000 11011111010010010010101001110010000 18 18 25
11101100001101001011101001101001000 11100101100100111011001010001100100 21 21 25
11110010100111000110110100110000100 11101110001001101100001100111001000 24 25 26
11100100110111110001001000110011000 11101001100101010011100011110010000 19 20 24
11011111000101000100110011110001000 11110001001111011100010101001000100 22 23 25
10110110001101010011110100100110000 11010011110110011001100001011000100 21 22 25
11010011100011111010001001100101000 11001110011010010100101110011100000 19 19 25
11110011001010100110100111100010000 11110100001100111001010011101000100 20 21 25
11011100110000111011001001011000100 11011010010111001000110110110001000 20 20 24
11101010101001101000101101010100100 11110001110010100101010011010011000 17 17 24
11110011000110010011100100110010100 11101100110001111001001001010110000 21 22 25
11111000011100110001001101100101000 11101101000100111010011010010010100 21 21 26
11010111000110001101110010001100100 11011100110000111010010011100101000 19 19 25
10110110011000111010001100110011000 11001011101011001111001100010010000 20 23 21
11100111100001110100001110010010100 11101111000100010111101000001101000 19 19 24
11100011101011001001001100111000100 11011000111001001110011001001101000 21 21 26
11101010011100010011101001100100100 11111001010011010010011010010011000 20 20 26
10111101001001011010001110110100000 11101010100011101001011100001011000 20 20 25
10111001010011110100111010001000100 11110010011011110001001011000011000 22 23 25
11101110001001101110000111001000100 11110010001110001110010011100110000 22 22 27
11111010010001110100011000110110000 11100100110110010100111010110001000 18 18 22
11010101001111011001001001010010100 11111101000111100000010100111010000 18 19 24
11101110010001011010010011011010000 11100110001111000010110110010011000 19 20 24
11100100111010010110010100111000100 11111010010100101100010101001110000 18 18 24
11110101011001100001011001001011000 11010100111110001111010010100010000 20 21 24
10111101001001001101011000110011000 11110100100011101001001111000110000 19 19 25
11010011011100011110001100010011000 11111001000110001101001101001100100 22 22 26
11110110010110001010010110010011000 11110010111001010001111100000100100 20 20 24
11101010100100111101000110010011000 11111001001110011000110000110100100 20 20 26
11101011011000011001111001001001000 11101000111011000100111001001100100 24 24 26
11011110011001000111001101000101000 11110010011001110100100011100010100 24 25 26
10111100101010011011000100111001000 11110010101100110001100101001110000 20 20 25
11100101100111010000111100100100100 11011111010011110100010001100100000 20 20 22
11001110101010010011010101001100100 11101010001101010100111100011100000 19 19 23
11101001011110001001101010010010100 11111100110000110001110001001101000 17 17 23
11111101000011100001001110010100100 11110011100100011101000101011001000 18 18 25
11010110100011011001100011001100100 11001111001011010010010100110101000 20 20 25
11110101010100010110001011010011000 11011101101001001110001101010010000 20 20 24
10111110001001010011010100111100000 11110011001101100001100011001100100 17 17 22
11111001101100001100110010001110000 10111110010101000111100010100010100 19 19 24
11101100110010011000111100010011000 11100110011001001110001110001110000 19 20 25
11010111010000111001100011010010100 11111000010111110001000110100101000 21 21 25
11001111000101001011100110001101000 11110100110010011110001100101100000 22 22 25
11101100010110001111110000101010000 11111000101100011100011100110001000 17 17 23
11001110001110011101000110001100100 11011101010100010110101000111001000 21 21 24
11101100011100011100010101001101000 11111100101000110000110110011000100 19 20 24
10111111001001101100001100100010100 11001110101000111000111101001001000 19 19 23
11110111001000110001110001110001000 11001110010101110110100010010110000 20 20 22
10111001110001101100101000110110000 11100011011101101000100011010011000 18 18 24
11110010011110001001110010100100100 11111011100000100100111101100100000 19 19 25
11111011000110010011010010001100100 11111000111000010011101010110001000 21 21 26
11111100100100111010001001011010000 11111101001001100001001111000011000 20 20 26
11101011000111011010100001010011000 11100101111100100100101001001110000 19 19 24
11111111001000010010110010010010100 10111111001100001011100001010110000 21 22 26
11101001011010011000111001100011000 11100111000101001110001110001100100 19 19 24
10101111000010110011110001001011000 11110100011101010010011011000100100 21 22 26
11110110010100110010011110000011000 11110001001111100100110010001110000 19 19 25
11110101001101001001110110010001000 11110001010011110010001100110010100 21 21 25
10111001100011111000100110010100100 11111100001101001000110011001011000 21 21 25
11101010011111001100000100101110000 11100110100101101010011001010010100 18 18 24
11101100101100011101100010010101000 10110101101010100011110001101000100 21 21 25
11101100011101000101101101100001000 11100110001101110000110011101000100 22 23 26
10111110100001110101011000100110000 11100111110100100100001100111000100 22 23 25
10111111001001010011010000111000100 11100100111000111101001001100110000 21 21 26
11011000111010100111010001100011000 11100110101001010100111101000100100 20 20 23
11111010010111000010001010111001000 11100110001110110110010010100100100 22 24 26
11110110010011000011010111000100100 11010100111001011000111111000001000 19 19 22
10111001111110001100000101001100100 11110101000100111001001101010011000 19 19 25
11101100110100101000101110011000100 11110001111100111010000100100101000 20 21 23
11111101010001010001010100101100100 11111000101100011100100011010011000 18 18 26
11010011110010011010110001010011000 11111001100010110010011101001010000 21 21 25
11111001000011010011001110100101000 11101001011100100101110110000010100 19 20 25
11011001111001100100001111000011000 11110111010001010010110001100100100 19 19 24
11111011100010100000111001001101000 11100111101000011011000100110100100 19 19 25
11010101010100111101010011000011000 11001111000101001110010011100100100 18 18 22
11110100011001001011110010010110000 11101011100010011110000110100010100 22 22 24
11110100110101000101001111010001000 11111100100100101010011000110010100 18 18 25
11110001100100110101101000110010100 11011101001110001010100110100101000 21 21 25
11111000101111000110001000110100100 11101111010000110001001110011001000 19 20 26
11101111001100010101001101010010000 11110010011100101001100100110010100 21 21 26
11111000100101011001001011001110000 11010100111001110101001010011000100 19 19 25
11110101001011000011010100110100100 11100011101110001110010001001101000 20 20 25
10111010110001101000101110010011000 11011100010100101110011110000100100 19 19 24
11100111000011001110100110010100100 11011110010010011010010011100011000 20 20 25
11100011010011011111100000001100100 11110110011001000011100110011001000 19 19 22
11101100100100111001100010110011000 11111100011101001111100001000010000 20 21 25
11110001010010111001001011110000100 11011110001010001111010100011001000 20 20 25
10111110010110001110000110011100000 11100111100101100010100011001100100 20 20 25
10111100100110001111001001010010100 11001111001001110001001110001110000 20 20 25
11101010010110001111001001100110000 11111010011110001100001011001001000 19 19 24
11100111001001101010001010110100100 11111011000101001001110010010011000 19 19 26
11010011110010100111110000010010100 11100110001110011100001100110101000 17 17 24
11110111000011000101001100111000100 11100100111001110011001001001110000 20 20 26
