first	second	opt	dist	visited
1011101001100110110100100011001011000	1110011101001101110001000100111100000	21	21	27	3562816680
1100111100001101010011100011100100100	1111011000101011110001000110010011000	20	20	27	3772864568
1101100100111101001011000101100100100	1110010011010011111100000011101001000	19	19	26	3307750040
1101111110010001000011101001010010100	1111000111101000001110100100101101000	18	18	27	2648675376
1101011011010010011100011111001000000	1101110001010011101011110001000011000	22	22	27	3865544504
1111011001100010010010111010100101000	1111100100011100110010011000110100100	22	23	26	3706176976
1111101000110010100110011010100110000	1111110011000101010100100010101010100	20	22	28	3668616096
1101110000111001110011001001101010000	1100111011100010011001011101100100000	21	24	27	3677392488
1101010011101010100111000110010101000	1111010010010101010011011001011000100	21	22	27	3898461776
1110110001011100011110100100100100100	1110011101000110100011100011011100000	24	24	27	3859190168
1110110001110110001011010001100101000	1110011001111001110010001011000100100	20	20	24	3617058696
1110110001010011001111011000100101000	1111100110001010011000110100110010100	22	22	29	3803018360
1011111011001100000110111000001100100	1111100011100110110100000100111100000	24	24	26	3850368800
1101100111010001010011001011101100000	1110101001101011000110110110010000100	22	22	25	3813493336
1110001111010100100101100011001100100	1101111110000101001110000110011001000	24	24	28	3857247504
1101110011010100011011011100000010100	1111001001110011100100010110100110000	25	26	28	3857401568
1111011000110010101001100011010010100	1110001101101001110011100000110110000	20	20	27	3584753240
1101100110010110010010110100101101000	1100111110001110010010010011100100100	19	19	27	3126518160
1111001001010011110110001001110010000	1110111000001110001110011010011000100	19	19	27	3339737312
1110100011011100101001100100111001000	1110010110001111000111001001001110000	22	22	27	3863600256
1101001110010110001110111000101001000	1101011000111001100100111100100010100	17	17	26	2398688064
1111001001111001101001000110001101000	1111101001100010011001110001100010100	21	21	28	3784126120
1111010110001110001100110010011010000	1111100011100010100111000011001011000	21	21	27	3844687072
1111001011000110101010110001101100000	1101100010111111100100001110000010100	23	25	26	3867308752
1111000110010010110011010101100100100	1011111000010110010100101100101101000	20	20	27	3433057248
1111101001000110110001100100110101000	1111001110010100011000111110001010000	20	21	26	3552384864
1011011000111011000011100111000010100	1110100110010011111010100100100101000	22	22	26	3811705656
1111000100111001101011001001101100000	1111010111100100000011001110110001000	23	24	26	3850281872
1101100111010011000100111101010001000	1100111010011001100011010100110100100	21	21	25	3815600592
1110111000101010001111000111000010100	1111000110011001110000111100011010000	22	22	25	3833398128
1100110011110100111010001101100001000	1111101011101100000001010101101000100	23	23	28	3851685808
1110101111000101010010011001010010100	1101100011101000111110010000101110000	22	22	28	3849457920
1110001111000110010011001110001110000	1101110001001110100111000101101001000	19	19	25	3340087872
1011100111100010001100111010010100100	1100111100011110001100101000101101000	21	21	28	3728482696
1011100100111000110111100001100011000	1111100011011000100011001010110100100	21	21	27	3678178632
1110100111000101100110100011001100100	1111001001100110001101101000111001000	19	19	25	3391271544
1110110010100101110001001101001011000	1111001000111000111111000011001000100	19	20	25	3220913288
1111011000011000110100101111100001000	1100111101001011100011101000110000100	22	23	27	3700210256
1110100011111101000010101001110001000	1111001100011011000110100100101110000	20	20	26	3779269088
1110110101000101100011111001000011000	1110010111011001110001100001010100100	22	23	26	3869100064
1101100101001011110011100001100110000	1111001001011100011100100110001010100	21	21	25	3614439528
1111101001100010010011110010011000100	1101011100010011011010010011100110000	21	21	28	3671028000
1111001001011100100111110000011001000	1101001111001010010011100011001110000	21	21	27	3867096824
1110011100110011010011011000010101000	1010110111001001010100101110101000100	25	25	28	3859303584
1100111100101000110011100101011100000	1011100101001111010000111100001101000	20	20	27	3222185376
1101010011111100011010000011011001000	1110011110100010100111101010000100100	22	23	25	3854334120
1111011000001110001101001111001001000	1111100010110100011101001100100100100	22	22	27	3789236104
1011011100011011001010001100110100100	1101100011011011011000110001001011000	21	21	28	3694991664
1111000011011000111010100101001011000	1101100110100111000100111110001100000	21	21	24	3744442376
1111001111000011000101011010010011000	1110100111100100011010100011001100100	22	22	27	3871912792
1110110010010110011100010011010011000	1110010011101001110010001111000100100	21	22	27	3812721088
1110011001011000101100110011100101000	1111010010110001111000100101010010100	21	21	26	3678699680
1111000011011000110111000011100010100	1101101011000101100011111100001100000	23	23	24	3863827016
1110011010010100111101001101001001000	1110100011111100001001100110110000100	20	20	24	3740642280
1111101001000100110101110001001110000	1111001100101001110010001110101000100	21	21	27	3737281976
1111111100010010110001100011000100100	1011111011100110001000011000110011000	22	24	26	3867752952
1110011111000110011000111000010100100	1101100101001110011001011100100011000	22	23	26	3871988424
1011100111011010001101001100011001000	1101101001001110011111001000110000100	20	20	24	3635112856
1110011110010010100100110011001010100	1111101000101100010011111000011010000	21	21	27	3811837112
1111001001110011000111010001001101000	1101110001101001101000110011011010000	20	20	26	3710521944
1111001011100100100101010011100011000	1101101111100100001011100011000100100	20	20	26	3657627768
1111100011010010001111010001001110000	1110111101000011101001001000111000100	20	20	26	3491713520
1101001111001100101011000110010010100	1100111110011100010010110100010110000	22	23	27	3878946488
1110110010011111010010000110100011000	1100110101011001100110010010110100100	22	22	24	3875238048
1111011010011000001011101001110100000	1101100100111010110010001101001100100	21	22	28	3263164608
1011110101100011010001101100011001000	1111010110010110001001100011100110000	20	20	26	3370891504
1111101010100100100110011010001010100	1110110001001110101001110000111001000	20	20	27	3338804712
1111011101000000101111001001100011000	1110100111101101000110010010011010000	25	25	28	3856917056
1101010011111010000010101111000110000	1110101011100011100001101100010010100	20	21	25	3570804264
1101101010010011011000111100011001000	1111010100110011101000100101001100100	23	23	28	3859043856
1101100101001100110111100001001100100	1110011000111001011000111001010011000	20	20	27	3603502136
1111101010011100100010110101100000100	1100111111010000001110010011111000000	19	19	26	2664977120
1101001110001111010100010110001110000	1110101001100101001110110001101100000	21	21	27	3798605328
1011111110000011100100100100110100100	1110011001010011110001101110001001000	22	22	26	3858584240
1111100010011110011000001101010011000	1101100011110011001110001101000110000	22	23	28	3823429392
1111100011010001011100010100110101000	1011110110001111000011000011010010100	22	23	26	3859011304
1110110011001000110110010011001110000	1101111010011110001000100110010011000	23	23	28	3838442328
1110010101001101101100011101100100000	1110100011110100100110010011001011000	21	21	27	3640575248
1111011011000100101001100011100110000	1111000011111001000110010100111000100	23	23	27	3831194432
1111010010011010001110110100010011000	1110010101010011110001001110100110000	20	20	25	3485092528
1110001101010100111100001110110000100	1111101100010100100111001000110011000	21	21	26	3825282352
1110110010011101100010110010010011000	1111100001001101010100111000110110000	19	19	26	3229909960
1111001010010110001011001110010100100	1111010011111010001001001100110100000	19	19	26	3107800616
1011111011010001110101001000011100000	1111010011111010010010100010001010100	20	20	26	3341890072
1011101001010110100100111100100101000	1101110010011010010011011010010100100	18	18	23	3239875616
1111010001110100100100111100001101000	1101101110010010011100110001110010000	22	23	27	3845788016
1011010011110001110001001101110001000	1111111000100010101010011000101100100	22	23	27	3838699472
1111000101011100001011100101101001000	1110110001111001001010001101001110000	18	18	27	2302250208
1111010100111000010111010110000010100	1111100101100001011001100110001101000	17	17	26	1923264968
1011001011110110001100110001010101000	1110101111000011010010011001010010100	24	24	27	3857961248
1011110110100010011000101100101110000	1101001101111000010111011000010010100	23	23	28	3836497968
1101001101001101001101100101001011000	1110101000111100011110001100101000100	22	22	28	3859023368
1111000010111001111101000100100101000	1110101101010011001010010110001100100	21	21	25	3704277560
1110011001110100100011100100110011000	1111010101000100111101000011100100100	23	23	28	3853989248
1011111000010011010011101010100011000	1111110000110000110101100011101000100	17	17	27	1951710392
1100111111000100101011000100111000100	1111011100000111001000110011100011000	22	22	27	3878781552
1111010010110110111000001000101110000	1110011011001100010011100110010011000	21	21	26	3332827160
1110111101000011101000111000010010100	1101100111000100110110001100101110000	19	19	27	2970194360
1110110010010110001101001011100011000	1110010011110000111100010111100000100	20	20	27	3448435920
1100111111100000100101100011110010000	1011110011010011110001010110001100000	20	20	26	3741892112
1011111101010000101010010011100101000	1111000101001111001100100110010010100	21	21	26	3762891512
1101100111001001101000101100101011000	1110011010100011100101010011011010000	19	19	25	3067759256
1111010100110001110010010100110101000	1110001100111010010011001101001100100	22	22	28	3843408800
1111010010110010010100111101000011000	1111001001010011101001011011010010000	18	18	25	2935071040
1110011110011001100000111001011000100	1011010100111110001110000100101110000	22	22	26	3720191136
1111011000110010111000101100011000100	1111110001001010011100100011001110000	21	21	26	3815814264
1110011111100101001000001111000100100	1111101001001101001010011100001011000	19	19	26	3376987784
1101100101010011001101010011100110000	1111001110010010101001100111000011000	20	21	26	3630041864
1111001111001001110010100001011000100	1111011001000101010011101011000011000	23	25	27	3856787584
1101100110001111001011000100111010000	1100110011110001001110101001100011000	21	21	26	3785628152
1101111010010010111100101010100000100	1111000110101110110010010001001011000	26	27	29	3854295688
1111100110000101001111001100100110000	1111010001111100000011111100100000100	19	19	26	3369287864
1110010100111101100001010011001100100	1101111100001001010011110010010011000	19	19	24	3372710536
1110010110100110100011101100010011000	1111011000110100101111001001100010000	23	23	25	3872684776
1110100011001011011110010011100000100	1111001011100001100011101110000101000	20	20	27	3075822712
1111011000111000011100010011101001000	1110010100111001001110100110001100100	24	24	28	3863008848
1111111000011000011001100011100100100	1110111000101110010001101110000101000	19	19	25	3443351408
1110011000111110001110001001100100100	1110100110001100101101010100110101000	20	20	26	3790160024
1111000100111111000110110010001010000	1101110001001101110110000011001011000	21	22	26	3789136536
1101111001000101010100110011010110000	1100111010100011010101001111100001000	18	18	25	2704800896
1101101011000110001011011000111010000	1111001001101000110100111011100000100	20	20	27	3212810712
1111101000011011100011000110011000100	1110011100100101100011011001001011000	23	23	28	3855579960
1110111010000111001100010111001010000	1101001110101100010111000011001101000	24	24	27	3851607776
1010111001011000111100010100101011000	1111001010110001111000101100101100000	20	20	25	3695130152
1100111000111010100011110010110001000	1101110010010011010100111110000100100	21	23	26	3579198016
1111011100110000101010100100110101000	1111001100101101010001101100001010100	21	22	27	3695895624
1110001111110001110100011101001000000	1101011110001000111111001001001001000	21	21	25	3779806000
1011011110000100110100111001011001000	1101001111001110001001001111000010100	20	21	27	3517599184
1111001001001110100100111100100100100	1101111100100100101100100110010011000	24	25	28	3856880184
1110101001111100010001101000111100000	1111101010100111110000010001001010100	18	18	25	3350239216
1111100110001100100011111000110001000	1011111000001101101000111010010010100	21	21	26	3620842808
1111100011101000010011100101110000100	1110111000001111001101000010110011000	20	20	27	3172015968
1111001110101001100001001011011000100	1111010011001000110111100101011000000	22	22	28	3713129944
1111101100110000111000110010001100100	1110010010111010010100111111000001000	23	24	25	3845475464
1110101110111001001100000101100010100	1110011001100100110110001110001110000	20	21	25	2994236336
1111001101001110010100011100011000100	1110110010100100111010010101001101000	22	22	25	3858503000
1111010100100011110001100010110011000	1111010010011101111000000101001110000	21	21	27	3589562104
1011001101111100001100100110010010100	1111001101000101110011110000010110000	24	26	28	3865318680
1111001110010101000011010011100101000	1110100011010011110010100100111010000	20	21	28	3095772600
1111010100011100001110010011110001000	1111111100011010001100000100111100000	19	19	28	3246394160
1111001110000110100111000110100100100	1110111100100100101001100100111100000	20	20	27	3698174216
1101100011100011011010010011010011000	1111100110001101100011010001001110000	19	19	25	3247081496
1110111000101010100110001110100011000	1111100101010010011001011000110110000	21	22	26	3843776144
1111001001010010111100100010110100100	1101010101110011001010001101001011000	19	19	25	2959482032
1110101001001110101001010011010101000	1110010100111011000100110101001100100	18	18	27	2766928024
1101001110111001010010011011000100100	1111001101001110100100110000110011000	24	25	28	3861645176
1110010100111110101011000001100110000	1101101001010010111110110101000001000	20	20	25	3564033304
1110011001100011111001010000110010100	1011111000011001010011011100100101000	22	22	24	3871868232
1101011000110111001100010010110110000	1111110001100011010001011010010010100	21	21	27	3540594032
1110111100010110010001100101101001000	1111100011010011110000011010001010100	22	23	28	3801828984
1111100110101000011100011000110010100	1111010011001110111000010001110001000	22	23	27	3818126176
1111010100110110010001101100001101000	1111001010011010011001110011011000000	20	20	26	3409829664
1101100101110001100011010011010011000	1110011110000011010110010110001100100	20	20	27	3612723552
1101111100100111001000011001010010100	1111100001010111000101001101001101000	20	20	26	3653291496
1101101001001110001100111101000101000	1111110000011001010011100101001100100	18	18	27	2551753368
1111101000110100010110010011010010100	1111100110100011000011101010011010000	21	21	28	3741581168
1101101110000011101001100110001100100	1110100111011111000001100001100011000	23	23	28	3857832072
1111100100001111100110100110000100100	1011110011110010000101001111000101000	24	24	27	3853056648
1110011111110010010100010100101001000	1111110100111000011010010001100100100	20	20	26	3800726320
1101110101100011110100100010100101000	1111010001100100111100010100111000100	22	22	25	3860487432
1110011011000011111100011000110100000	1111011000111000010100111000110101000	21	21	25	3829395008
1011010100111011000101010011001011000	1101001011110001111000100110110100000	21	21	26	3858260696
1101010011001110101001100100110010100	1110110010011001100110010011110010000	21	21	25	3848407976
1110110101100010111100000110100010100	1101001110111100100101001001101100000	23	23	27	3861556264
1011110111000011001110000101011100000	1111100001110001001111100001100100100	21	21	26	3718527712
1110110100101001111000010100101011000	1110100111010001011101000011010100100	18	18	24	3016868744
1110110000111010101001010011001011000	1110110110000101011010001100111010000	20	20	28	3489198200
1101101011101000010100111001100011000	1111000100111010011010100010111000100	19	19	26	2944219128
1111100100100101001111110000100011000	1111010010101001011000110010110100100	18	18	25	3249883040
1111000110001111010011001011001010000	1111011000101001110100010011101000100	20	20	26	3655455600
1110011110010110001001100011110100000	1111010011101001000111100100001110000	19	19	25	3477498816
1110101101100001110001101100001011000	1101111100000100101101100011100110000	19	19	27	2697050216
1111100100111001001100010011100011000	1011110110100001001110010100111000100	21	22	28	3720295816
1111110010100110001001110000110100100	1101110010100101100100111110000101000	21	22	24	3804879840
1110100101001111110000011000111000100	1010111110100110001100010101001101000	21	21	25	3874732512
1111101001000011010100110011100110000	1111001110010010010011111000010011000	20	20	27	3371228016
1110011110111000001010010101001101000	1011111010001110100001110001101010000	23	24	26	3871219144
1111011001100101100011000110001110000	1111001000111001101001001101010011000	19	19	25	3152998096
1111110001001000111001101010011100000	1110101001111000100011001110100011000	19	19	27	3157859048
1111011010011100101000110001001010100	1111010011000100110100111100011001000	22	23	28	3772716464
1111101111000110001100100100100011000	1111001100011110010100010100110100100	19	19	27	2977458752
1111001001010011111110100010000101000	1011010101001111000011100010111000100	19	19	24	3676666856
1111000111000011111001000101001011000	1011010011110100011001100010111010000	21	22	25	3824852472
1101010100111111001001000011010011000	1111001001101010001111101000010100100	18	18	23	3153206400
1101010010111000111111000100011000100	1101100110100011110001001110001011000	20	20	26	3669630616
1110101100010010110111110011001000000	1111000110001110111001010000111010000	21	21	27	3416074784
1110010011101001100100111010100100100	1101001110110011001001100111001001000	21	21	27	3835377712
1111001010011011000111001001001101000	1111010010110001101110010010010010100	22	22	28	3873289536
1110010011101001001111000101101100000	1110110010100101101100001110110000100	19	19	26	2971996736
1110100111100001010110001011011000100	1111001001101100011100101001001011000	22	23	28	3853497360
1111110001100110001101100010010011000	1011111000101010101100010011110010000	22	22	26	3853994088
1011111010001000110011011001001010100	1110011010001110010100101110011010000	20	20	28	3555598560
1111001110001010010110010100110011000	1110100110010011011000111001001100100	19	19	27	3243701072
1111100100011001110001111000111000000	1011001111101001100011110010000100100	23	23	27	3847934320
1011100110010011011100001100110100100	1111000101100110001110010011010011000	21	21	27	3699857232
1111110010100101100001100011100100100	1111011010010100101100001110101001000	21	21	28	3744247360
1111001010100011111001001100010011000	1111010001101000110011100110001110000	20	20	26	3660267216
1010110100111011000111110100010001000	1110100111101100010100010110001100100	24	24	26	3866439728
1100111100101000110101100010111000100	1011110011000111001101001010010110000	21	21	26	3659914296
1100110011010011110001100111010001000	1101001111100011000110011000101010100	23	23	27	3855368184
1111111000110010001000101101100011000	1111010100101110100011001010010100100	21	22	27	3652513496
1111010100111100100010001110101001000	1110110011000110100011101100100010100	20	20	27	3334045008
1101001111100111000010011000111000100	1111001001111000110001100111000011000	21	21	27	3848871296
1101110100010011011011010000110011000	1111111010000011101001001001001110000	19	19	28	2701202648
1110101100101001110011000011010011000	1111101001100011100100011001001100100	20	20	26	3689362488
1111101001100010100110100011110100000	1101010011011000111101000100101011000	21	21	28	3816292536
1110101001011011000011010011100110000	1110010101010011101001011010010011000	19	19	26	2996383424
1111010100100101100111100010011000100	1111000111010100011110000111010001000	21	21	28	3783657168
1111001110001001101001100011100011000	1101001110111111000100100101100000100	22	22	27	3863587704
1111011110011000010100110100001100100	1100111100100111000111000011100101000	20	20	26	3438915800
1110111010010010100111001101001100000	1111000100101100101101100011100101000	22	22	25	3814087184
1011011010010010111110100010101000100	1111101010000101010011111000110010000	20	21	25	3206204304
1110101001001110011001011000110100100	1110010110011001001011010110001011000	20	20	27	3646300072
1101001111011001100000110110001100100	1101011110001000111100110100010011000	23	23	26	3849874688
1111101100100100101111001000110100000	1101110100111100000010111001010101000	23	23	28	3841159512
1111010111000110000110100011010101000	1110110001111001000101011100010010100	19	19	26	2890654864
1011001111100111000100011011000010100	1110011101101001010010011001101001000	21	21	26	3667921112
1101110110001010100011110010011010000	1110010101001111001011100100001101000	21	21	25	3720578624
1111100001100010111111100000010010100	1101111100100100001100111100100101000	21	21	26	3783412432
1111110001110001011001010001011001000	1011110001101001010011110100001110000	21	22	25	3805394576
1011010011111000101100010100111001000	1111110010110010011000100101100100100	21	23	26	3826611144
1110110100001101010011110011001000100	1011110010100100111010011001001011000	19	19	27	2864815048
1110101001110001100011100011100101000	1110011101001010011011100010001100100	22	23	27	3860689680
1111001001101101000011101010011010000	1111011100110000110100111000100010100	23	23	24	3849471392
1111100100011100011100010011010010100	1110110101000111010101011001010010000	22	23	26	3840403208
1101010011101001100011001011100100100	1111100010100101011010010100110011000	21	21	26	3789769064
1111110000011101011000011010001101000	1011110001101110000111001001101000100	22	22	27	3759481328
1100111101100100100111100011001010000	1101101001111100000011110001010011000	21	21	27	3797289688
1110011001001111100100101000111000100	1110100010111001011101010010100110000	21	21	26	3868033768
1111001100100100110101010011101000100	1110110001110100011100111001000110000	19	19	26	3292411816
1011100110100100101100101100101011000	1111010100011010100101010011100100100	21	21	26	3741608544
1110110100110100110100010011110100000	1110010111000011100110011011000011000	20	20	24	3394569848
1100111101000111100001010011110010000	1101101001101001001111100010010011000	21	21	24	3888301600
1111100001011001100011001110011000100	1101100100111011001010010101001110000	19	19	26	3255637264
1111010001110100101000111011000100100	1111001100010101001110100010111100000	21	21	27	3710818112
1111110010001100110100010101001110000	1110110011101001000111000110010011000	23	23	27	3867322456
1110001100111001100101001111000100100	1011010111010010110110001111000001000	22	25	26	3878779616
1101010011101011000111000011101100000	1111000110110001011001001110001110000	20	20	25	3585764856
1110111010100000111101001100011001000	1111011000111001100100100100101110000	20	20	27	3229626088
1111100100100011110100100111001001000	1011110000111011010010010011110010000	22	24	28	3825523904
1111110111001010001100011010001000100	1101101000110011010101001101001011000	20	20	27	3239597784
1111110010001001110100110010011000100	1011111010100010110010011100001110000	20	20	27	3572834152
1111001010110010011000101111100010000	1110100101010011101010100010110010100	19	19	25	2981255112
1101111100011100100111000010001110000	1011101110000011111000100110101001000	20	20	26	3459036424
1111001011010011000111000100101011000	1101111001100100101001101100100100100	23	23	27	3866593048
1111010011100111011001100000110000100	1100110101100011111100000110001011000	21	21	25	3493178864
1111100101010011011100000010110011000	1111010010110100001101001101011010000	20	20	28	3180229824
1100101111001010010011101001010100100	1110110100110001001110100111000011000	24	24	28	3862636592
1111001001111001010000110011100100100	1101111000011000111101001010010011000	21	21	27	3720507240
1111100001001111011010010010010010100	1111010110001001001110001101001110000	19	19	27	3276120672
1111110100100010101100011000110010100	1111100100110000111101010011000110000	19	19	27	3352615392
1111101001101110001010010011001010000	1111010100101100010111001000101010100	20	20	27	3542014080
1111000111010010100110010110001100100	1110111001001001011000111001100011000	19	19	26	3490143208
1111101011001001001100011000110101000	1110001010111100100011111000110100000	23	25	27	3851495824
1011110011001001110100010100111010000	1110010011111000100110010011001011000	21	21	26	3858309608
1111011000100111001010011110001000100	1111100010011000110011110011010010000	19	19	27	3448237920
1110101000111100110100001100110011000	1110011101110000100110110010100110000	23	24	28	3845079488
1110001101001111101110000101000110000	1101010100111111010011000100101001000	19	19	24	3279739928
1110110011000110110000111001101001000	1101101000110100110011110001001010100	19	20	27	2835878352
1111001100110010001011001110010101000	1111110100001001101001010101001100100	19	20	25	2909375088
1110010011100011011100001110011100000	1101111000010100101110011100100100100	21	21	26	3684920192
1110001101101001100110001110001011000	1011011010001111000110111101000000100	24	25	27	3863133088
1101110100100101001110111100010000100	1100111010110101001010011100001011000	20	20	26	3479958368
1100111000111000111001001111101000000	1101100011100111000110011000111000100	21	21	27	3812508488
1110011100101100001101100110110000100	1101100011001111000100111111000001000	19	19	26	2770502216
1110110011010011100001001011001011000	1111001100011100101101000100111010000	23	23	27	3848933152
1110101100111111001010000010101010000	1111101000011100011111100000100011000	22	22	26	3885845096
1111011000110001100101001100110101000	1111001100011010001110010101011000100	18	18	27	2752462792
1111100001001111001001101100010110000	1101110110001100100101001111000011000	22	22	26	3830352456
1111010001001110001111100000111001000	1100101110010011010011110001110000100	21	21	28	3715684096
1110101100001110011110100010100010100	1110010111001100001111010001010110000	22	22	26	3693036432
1110111001100011000111010110000101000	1110101001110000110110011011010000100	21	21	26	3652337176
1101110100001110011110001110000100100	1111101000011110010011000110001101000	20	20	26	3374107080
1110101001100110110000111011000100100	1111000111010100011001010011001011000	20	20	27	3568129512
1111000011001111001000111010101000100	1110110110100010100101010101001011000	20	20	26	3430572064
1111011001011110100110000001011010000	1111100010001011101110001000110010100	22	22	27	3562803256
1110111100001001100011101001010101000	1110011100011101001010010110100010100	22	22	27	3844074176
1111001000111000111100100110100011000	1101110001001011010100111101001000100	17	17	27	2212134272
1101010011011101100100101011000100100	1111110001010001100100111010101001000	22	22	27	3807750960
1101110010001111000111100010010101000	1111000111010100001101011100010010100	18	18	25	2797906184
1101010100110010111100100110001101000	1101111010011000110001101000110010100	20	20	28	3443283792
1110101100010011100101110000111000100	1101111001100010011010010011100011000	20	20	26	3498538128
1011111010101001011000100011100011000	1111010010010011011001110100011000100	21	21	26	3666108160
1110111010010000111000110011110100000	1011001110010111001011100011000011000	23	25	27	3763376672
1101001110011100100011001111010000100	1111011011000011100101001001101001000	24	24	28	3860026392
1011010110010101001110100111100000100	1110001110110011001110001111000100000	20	20	25	3779520640
1101010010110110001011011000111001000	1111001010010011110001100101001010100	18	18	28	2552102696
1011100111001100010011110101000100100	1111001110010001111110011000000101000	24	24	25	3864837160
1110111001001010001110011011001100000	1110011100001111010001110000101100100	21	21	27	3453252528
1010101111010011110000100110001101000	1111000100110011100111000101101100000	21	21	27	3749598776
1101110010011000111100011000111000100	1011101001111001000010111010100011000	17	17	25	2316360920
1111011110001100001001110011100010000	1110010100111110011000110100011100000	19	19	25	2958466192
1101011001001111001010011001001100100	1111000110011100011001100100111100000	20	20	24	3820268520
1100111100001110100110011000111100000	1111011100011000101100010111000110000	21	21	26	3826551320
1111110000110100011001010011001110000	1110101111001001000110100110101000100	19	19	27	3312119360
1010111011100101001010100110001101000	1101001011110110010110001001101000100	23	23	27	3865007864
1111101100010011000101011001010100100	1100111110001100011100100011010101000	22	22	26	3843703744
1111010010110100101101010001001100100	1110010011011010001100111100011001000	22	22	27	3807990976
1111010001001111000110100011011100000	1101101101001001100100110101100010100	23	23	28	3846798824
1110101001110010111000100100110100100	1110110010010011011001101001001011000	20	20	27	3670471600
1111100110010010110001101001101001000	1110111000011110100010010100101100100	23	25	28	3852343280
1111100100100110001101010101010010100	1101100100111100010110010011110010000	19	19	25	3351197352
1110011001001110101010011000111000100	1011001110011001110001001110010101000	20	20	27	3636478376
1101001100111001001011110001001010100	1100110101001111100100001111000101000	18	18	26	3020193448
1111010001010011001101100011100101000	1101011010001100111101100010010010100	21	21	29	3653884664
1101100111100101100100100101001010100	1111100110010010100110101010011100000	23	24	27	3857730232
1101101100011010011000111101010001000	1110100101100011011010100110011010000	22	22	26	3868250016
1111011000111111101000010100001001000	1111100010100100111100010100110110000	19	19	24	3584981560
1101110011100000111001010010101100100	1111111001001001011001001010010101000	21	21	28	3682959696
1100111101000101100011110100100011000	1110100011010011101100011101000100100	20	21	26	3727626960
1011110100011011010100001101001110000	1101100110101001010110010011011001000	21	21	24	3633912936
1110111110100000011100011001001110000	1011001110010110001100110100110011000	19	20	27	3131830384
1110111001100010011110000110101100000	1101011001010011110010011100001110000	21	21	25	3743815664
1100111010010100111111000101000011000	1111011000111000100110110100001100100	20	20	25	3803897160
1111100011001100111001000100110011000	1110110100011010010011010011100100100	22	22	27	3795822632
1111010010010101001110100011010011000	1110011001001111001100010100110100100	20	20	26	3633783528
1101110011101000101011100001100101000	1111011101000010010101100101010100100	19	19	25	3360653960
1111001100110001011001010011001100100	1111101100001100010111100001010011000	17	17	25	2456311584
1110110101001110011000110100100100100	1110110001001011011101000011011100000	23	24	27	3872798872
1111110000101001011100011100011001000	1111011001010010100111000110001110000	19	19	27	3455192488
1011111001000111100100101001110100000	1110010101001110100110001111010000100	19	19	22	3282912272
1101100100110101001100110111000011000	1111100110010110001001011000101110000	21	22	27	3742930072
1111001100100101001011110010010011000	1111010110101010001101001010100110000	21	22	27	3670516072
1111011011010001001010001011010010100	1110010011011100110001100110010110000	25	26	28	3855555600
1011110010100110010011011100010101000	1101101010010101010100101100110010100	17	17	23	2451904696
1111001101001001100011001110100010100	1101110001110010010110010011010101000	23	23	25	3849849840
1101001100110011011101110000110010000	1111001101010010100101110100010010100	23	23	26	3799572248
1110011100110100010101110110000100100	1110110011010010011110000110010011000	19	19	23	3056609728
1110100111001001100110100101011000100	1110010011100100111000111010001101000	23	23	26	3886456808
1111100100110010100111011110010000000	1011110011001111000010010010111000100	24	24	25	3870962488
1101001111111000100011001000110011000	1110011001011110000110100110001100100	19	19	25	3457079496
1111000011100011110001011100001011000	1011101110011101100000010111000100100	20	21	26	3399630576
1111010011110000110100001101001100100	1110101001101001110011000100111100000	18	18	26	2682638960
1101011100001101101001010110010100100	1111110100110010010001011010100101000	19	20	26	3425509024
1110010101100101110000110011001110000	1110101010011101100110010011010100000	23	23	26	3873299224
1011100110001111001100010100111010000	1111100100111010010010100011010010100	24	24	27	3864771408
1111100010011111100001001001100110000	1101110010100110010010110101010011000	21	21	26	3865003080
1011100110001110011010011001001101000	1110011110010001101100100100111000100	22	22	27	3842184184
1111011001001101100011001001001110000	1111001001101000110011100111000011000	23	24	28	3861112432
1111011001000111100010010011010011000	1100111110001110010110001010001100100	20	20	27	3429485616
1111010110011001001110001100100110000	1101011101001010110000111010010011000	19	19	25	3552399272
1111110010011001010010110001110010000	1110100110001110010100110010111001000	19	19	26	3278987680
1110100110011101010100010100101011000	1111001100101001010110011001101100000	22	22	26	3832412080
1110100010110101001011110110001000100	1111001010010011110110100001011010000	21	21	27	3637181320
1100111010001111011100110001001001000	1110101001111010010110000110101010000	21	21	27	3683647992
1111101100101010001101000100110010100	1110010100111011100001110001100110000	25	26	27	3858422968
1101100011110000111001001110100010100	1100111000101110110001011000111001000	20	21	27	3674478528
1011111010011000101001101001101000100	1111001010011001100100110100111010000	20	20	27	3701748040
1111000100111011010100100100111001000	1110111100000101100100101110100100100	19	19	27	3155594472
1011111000110001110000111110000011000	1110001110010100111100100100111000100	20	20	27	3828701672
1110011110011000101100101001100011000	1111010011001100001110100110001100100	22	23	27	3880519368
1110101010010011101010101001110001000	1110011001001101011100010100111100000	17	17	25	2444763416
1111100101000100110111000011101000100	1011111100101000101001101100011010000	22	22	28	3791371656
1110001111010100010011100101001110000	1101111000011101110001000110110100000	23	23	28	3860708936
1101001110011001110001011100100011000	1110101001001110010100111010010110000	20	20	25	3755004120
1111010001110001001110001101010011000	1011101011000111000011100011110010000	19	19	27	3161122240
1110101001010011100011001100111001000	1111001011010110100001101001001110000	19	19	26	3289905728
1110010011010100110100111000110110000	1011001100111001111100010010011000100	20	20	27	3354752840
1011111110010100100111000100001110000	1111111000010100110010001101100011000	21	22	27	3808251376
1110011101000101001110011001100100100	1101100011011110001100011010011001000	22	23	27	3859278280
1111010001100110001110101010001101000	1111001111100010001001110100110100000	22	22	27	3832792840
1111001001111110000010011010011100000	1111101001001000110011010011100011000	21	21	26	3867043880
1101010011111100100111100100000010100	1111001101110001010011000101100101000	21	21	25	3870377544
1111100100110001101010110000110100100	1011110111010000100111001100100101000	20	20	27	3434711936
1110110001010011111101000100100101000	1111010110100011000110001111000100100	22	22	25	3888310896
1111101001001100001101111000001011000	1111111001001001110001100100110100000	20	20	27	3349397352
1101111001000011111100110000100110000	1111110000100110101000111110000010100	20	20	25	3563885168
1111011000010100111100001110010100100	1101011100100101001110011000110011000	20	20	26	3543068152
1111100010100111000011010100111010000	1101011001010011101100100101001011000	21	21	26	3779108552
1110111001001100011101010011001001000	1110011001100110001100101101001100100	22	22	27	3855237024
1111110100101101001100011001001001000	1101101001001111001000111100100010100	20	21	26	3587150712
1110110100100101010011100100111001000	1110010100111111001001110000100010100	21	21	25	3796966496
1111100100111001010001101100010011000	1110110011001011010100100111010000100	20	20	25	3624206000
1110100110011100110001101001110010000	1111001100100100110100110100111100000	23	23	28	3860213952
1111001001100011001111001001010011000	1111011001000110101001110011100000100	21	21	27	3756831656
1110010011110100110100011100010010100	1101110010001110011101000010110110000	22	22	27	3864109704
1111010011100101000100111101001100000	1101111010001110011000100011001100100	23	23	28	3863907528
1110011110000111010010010011100011000	1111011000111001001001101010001110000	20	20	27	3712515656
1111010001101000111110100110000010100	1101011001001011111000111000010110000	22	22	27	3818961760
1111101010010010011010001110010110000	1111001101001001010011101001101001000	19	19	28	3108370752
1111000110001110011001111010001001000	1101010011101001100101100110001100100	21	21	27	3711198640
1101001111110001010100100101011000100	1111110010001111000101001001001110000	21	21	26	3859013408
1111000110011100111001010001101000100	1101110001100100110011110100001011000	24	24	28	3856195464
1110101100100110010100111000111001000	1111010010101111000001110101100010000	22	23	26	3867795776
1101110101001010011110001000111001000	1101001111010100110001100110001110000	21	21	27	3867826144
1110100111100010010100111001001110000	1111110010011000110001100011010010100	19	19	27	3583273784
1011010011101100100011101000110010100	1110110010001101011110010010001110000	21	22	28	3802922920
1100111110011000001100111011000100100	1111010010011001110100010011010011000	23	24	28	3845921976
1101110001001011110101000111001001000	1111000110011000111001001101100100100	20	20	26	3278067408
1110100011100100101110111000100110000	1010111111000110000110011000111000100	20	20	28	3018611400
1101001110110111000010010101001110000	1111011010000011100011001011010010100	22	22	27	3847191992
1111001110100101010011000011101010000	1110101001001110101001010110001010100	22	22	28	3778965992
1111100000111011000011101100001010100	1101110001101001001101001101010110000	19	19	26	3085018680
1111000011111100100100001101100011000	1101101010011110000011100110001100100	18	18	26	2900935216
1111010110010100011001001011110010000	1110001111001101010010010100110010100	23	23	28	3833819928
1110110010100110011011100001010011000	1101011000111110001001001110100100100	21	21	26	3855122984
1101101010011010011010100111000100100	1101100011001101100011101001001011000	21	21	27	3894209680
1111010010110011000111000111000011000	1111111001000010110100101100010100100	20	20	27	3772334352
1111001101101001000101010100101011000	1110100111010100101001100011100110000	19	19	27	2950325240
1111010100110001011100100101001100100	1101010100111010010100111000110101000	20	20	26	3704028904
1011101011001101000111100010010011000	1110010011100110111101000101101000000	23	24	26	3882815376
1111001110010100100111101000111000000	1101001110001111001001010100110011000	23	23	27	3871637200
1110011011000101001110010111000101000	1011111010010010010011101000111010000	20	20	27	3444600488
1100101111011010011110001010000110000	1101110010001011010110001011011001000	22	22	26	3728209832
1111010100110011001100100100101100100	1110001100111001001100111001100101000	23	24	28	3862010064
1101110011001001101001001111011000000	1111100001100111000111100000110010100	22	23	25	3877862328
1111100110100110001001110010101001000	1111010100110010100100111101010000100	20	20	28	3635170608
1111001110000110111001000011001101000	1110110101100100101001001100110100100	18	18	26	2490902144
1111000100111100010011100110110000100	1101011011011001000110001010111001000	21	21	26	3640245232
1111010000111010011000111001001011000	1011101001101001111001000110011000100	22	22	27	3791131696
1111000110110010010011100011100011000	1110110010010011001111010101001000100	21	21	27	3736076920
1110100100111010100011110010100100100	1100110011101001101010101001010011000	21	21	27	3678550520
1111100100001100111011010010010100100	1111010011001001001110011100100101000	21	21	27	3639612352
1111100001110000111000101101001011000	1110110100011100100011010011101000100	18	18	28	2736040992
1111010001110100101001011000110100100	1010101110011101100011000110001101000	22	22	27	3824952528
1111100110000111001100001110100110000	1101001110010101001110011100010011000	21	22	27	3717436280
1111010011100101001011001101100000100	1100111001011100100011110100011010000	24	24	27	3861883432
1111010100110010010110101000111010000	1101101101000011110011100011000010100	20	20	27	3574384976
1101011011000111100001001101001100100	1111101001101100001111000110001100000	21	21	27	3834665624
1111010110010011001110000111010000100	1110100110011110011000010010110011000	23	23	28	3872538440
1111100111110100010001000011011100000	1110110001001011110011010010001100100	23	25	28	3808185072
1110011010011011001000111000111001000	1011100011111001010010111000001010100	21	21	27	3607245560
1111011001001000111001111001001010000	1111001001011011000100110011110000100	22	22	28	3724386472
1100111111010000001110101000111010000	1011111010010010011001001110101000100	20	20	26	3304113016
1111110100000111100011010001100011000	1110010111011000100011110100011000100	20	20	26	3549922656
1110110011000111001101000100110010100	1111100001010011101001001110100110000	20	20	26	3457604640
1110010110001010101110111000001011000	1101111100001001110010011010011000100	21	21	28	3523551608
1111010100110101001010100011011100000	1111001010011001110000111001001010100	20	20	28	3461995528
1110110100011010010110001111000100100	1110100111000011011000111110010001000	20	21	26	3727070600
1101111001111001000011010010010100100	1110010011100011110010001101110001000	23	24	27	3853831712
1111010001110010011010011000110011000	1011110110100001001110100111000110000	23	24	27	3860572128
1110101100010100111100001101100010100	1111111000010011010010010100110101000	19	19	27	3245585632
1110100111101001010010100110001110000	1111001111010001001100011000111000100	21	21	27	3883041248
1101111110010010010101010000101101000	1111001110000100110100111100010100100	21	21	28	3644071808
1011111010011001001001011000110101000	1111101001010100110010100011110000100	23	23	28	3845571408
1110011100111101000000111011000100100	1101001111001010100101110001001101000	19	19	25	3108318848
1111111000110010101010010010100101000	1110110000110011111001001001101000100	22	22	27	3875163240
1111010010110001101010001100110010100	1111001100001110101001010011010101000	20	21	28	3404049016
1101011000111001010011111000011100000	1101100110001011001100111010001100100	18	18	26	3137262984
1111000111110000101100001011100011000	1111011000010100111011000110010100100	19	19	26	3027342216
1111100011010001011001001111000010100	1101110001101001001111001000111100000	19	19	26	3406955896
1110100110010011100011001111000011000	1110011001001101110111000000111100000	18	18	25	2979550368
1111010011100001110000110111000101000	1111001100011011100101001001100100100	21	21	26	3673664616
1010110101110111111000001000001110000	1110110001100011001011110101001000100	23	23	27	3869443536
1111110010011001001100011010001100100	1111010011001001001111010001010011000	21	21	28	3819000696
1110100011101010010100111000101011000	1110010101001101001011111000110000100	19	20	27	3375663552
1111100100011001001101010100111001000	1110101010100111100100110001110000100	21	21	25	3819164552
1111000101010011110000110100110011000	1011111000100100111100001110100100100	19	19	26	3473468368
1111000111100110100000101110010110000	1110110001111001010010100010110011000	19	19	28	2655674472
1111001010101001011010001100110011000	1011010011111100110000011100100110000	23	24	25	3864110240
1011111110010001010011001100110000100	1111100110001001101001110011000110000	23	23	27	3865412416
1111001110010100010110100011011010000	1111011100100011010100110101001001000	23	23	28	3835457280
1111001011110000111100001001001101000	1111011010010011000100111101000100100	20	20	26	3625461200
1110110110011001010011100010010010100	1111000011011001101001001111011000000	20	21	24	3701484984
1101110010010100110011001110100011000	1111001100100101110000111001011000100	22	23	28	3813017944
1101111000001110111001000101001101000	1111100110100100011001001110011000100	20	20	25	3360245088
1110111001100100101001001101010010100	1110011110011001010000111010001101000	20	20	28	3497808736
1111101100010011100000111001011100000	1111100101110000110100100110100011000	20	20	28	3314421432
1111001110010011110010001001001011000	1111010010001111101001100011001000100	20	20	22	3465704928
1111100010100100111100100010101110000	1110110100011110010011000110011001000	21	22	28	3781287480
1100110100110101101011100010001100100	1110101001100110010011101001100011000	23	23	27	3848369376
1110001111100011001001011100011010000	1111011010010001110010010110001011000	23	24	28	3857405952
1111011001000111100011001001001110000	1011011001100011101001100100111001000	23	24	28	3864488584
1101111101101100000100100110011010000	1101110001001101110001010011010011000	20	20	26	3183261384
1100111100111110010100101001101000000	1110100111111000001100011010001100100	22	23	26	3854285800
1111100100111010001100011001001100100	1011111001000110111001000110010011000	23	24	27	3859189784
1111110010001011010001010010110011000	1111010010101010011100100101001110000	18	18	26	2637295688
1101001110010011110011001011001000100	1110011110010011100100010011100011000	23	23	26	3859481104
1110011011000111101001001100001100100	1101101001101000110101001111000101000	22	23	27	3858286640
1111001100011010011010001111000110000	1111011000100011010101010011100010100	20	20	26	3681309176
1111001001110100101001001101001100100	1111101001110001001010010011010011000	20	20	29	3656117352
1111011001001100110001101100011000100	1111000111110100110011000011000110000	21	22	26	3791365160
1111010111001000100110001110110010000	1110110010010100111100011100010010100	22	23	27	3781405088
1011001111001011101000011100110000100	1110011001100011101100010110001101000	23	25	25	3852928720
1111110011000111000010001110001110000	1111101000100100111111100000110000100	18	18	24	2802994800
1110110101001100101000111100110001000	1110010011110001100110110000110100100	24	24	27	3862096872
1110010100111001100111101000010010100	1101100011001111100100010010110101000	22	22	28	3848876328
1101100101001110010011110101000100100	1111010100101001001110001101010011000	20	21	27	3740626144
1011101010010110001110100101100010100	1111100011010100010100110100111001000	21	21	27	3707844808
1110101001001111010001110100010101000	1110010110010011011010100011001100100	21	22	27	3784148816
1110001111001110001000111101100000100	1111111101110001000110000000110011000	20	20	28	3437203080
1111000101001111001001010100101011000	1110101010101001001110010011011000100	19	19	27	3553701976
1100111100101001010111000110001010100	1111101100001011010001110100100101000	21	22	25	3799220152
1011111000111010000110100110001110000	1111000111100101001100101001010011000	22	22	28	3859519752
1110001110110011010010011100100100100	1111011000001010110010101110101001000	21	21	26	3803539320
1110001111110001010010010110001010100	1110110100110010010101001110101010000	20	20	25	3710748360
1110010011001110100011110000110100100	1101110011100100101110000011010011000	23	24	28	3862631208
1111100010111000011000111101001100000	1110101001101011010010110001001100100	22	23	26	3850286856
1111111010011010011001001000010101000	1111110010001001001110101101011000000	23	24	28	3860856128
1111001101001111100101000010001110000	1111101000001111100001001101100011000	19	19	26	3286027944
1101100011110111001000100101010010100	1111001110010010001111100100011010000	23	23	26	3860817496
1101001110100100111111100000101001000	1111001110001001110010011001100100100	21	21	25	3882017992
1110001101001111100000101110011010000	1111011100100100110001011001101000100	21	22	27	3691225488
1111010110010001011001001110010100100	1011100010111101000011101100010101000	21	22	27	3627125856
1110110001010011110001101010010100100	1111100110010011000110100101001011000	19	19	27	3396687616
1111010101000101100011101011001000100	1111100111001001001100101100001101000	19	19	26	3045937112
1110101001010011111101000110000010100	1110011010011011001010001101011100000	21	21	25	3882140360
1100111110100100001101001100110101000	1101111110001100001010011100100100100	23	23	28	3842243064
1111000011100011100111000100110011000	1011001111001001010010110011100100100	20	20	27	3472000320
1011111010001001001100111100100011000	1111001101000110011110010010011010000	25	26	29	3852282568
1110110110100101000011101100011000100	1101110101010001111001100010001110000	20	20	28	3231216680
1101111001001100111000001110011000100	1111001111001000011000111001010110000	20	20	26	3401795080
1111001101100010100101101100110001000	1110100101011001010011010100101010100	20	20	24	3393309160
1110010011101001101110001010011001000	1101101010001110100101100011010100100	24	25	27	3862084784
1110010101010011101001010011001100100	1111010100110110100010010111000011000	21	21	26	3892037776
1110011001111000011010100010101100100	1101101101001001110010001111000011000	19	19	24	3102851200
1011100101001110101000111100100011000	1110101000111110000111100011100100000	23	23	28	3870051288
1111110010111000011111101000000010000	1111101000101100100111000100111000100	18	18	23	2971515104
1111100110001000101110001100111000100	1111011000100110011110010010110001000	18	18	27	2662604736
1111001001110010101001100100110011000	1110111100000111100010101001001100100	18	18	26	3132638952
1111010100100110101100010110001101000	1110100100111100100111010001100010100	21	21	27	3775209992
